destination.bytes,destination.packets,event.duration,network.bytes,network.packets,source.bytes,source.packets
2840,12,934325235,4006,24,1166,12
152,2,179059,440,6,288,4
1154,12,5969612,2320,24,1166,12
11094,30,2768186,23428,66,12334,36
1018,10,521666103,2320,24,1302,14
11230,32,516642350,23566,68,12336,36
11230,32,514851830,25210,68,13980,36
152,2,153211,440,6,288,4
3624,8,1017211027,6267,21,2643,13
7248,16,1017265736,12534,42,5286,26
152,2,151646,440,6,288,4
1154,12,732805,2450,26,1296,14
152,2,148947,440,6,288,4
1408,10,505373963,4452,22,3044,12
152,2,157503,440,6,288,4
11094,30,2343494,23410,66,12316,36
152,2,152459,440,6,288,4
3852,9,1024218487,5578,22,1726,13
7704,18,1024243335,11156,44,3452,26
1548,8,513720278,2802,20,1254,12
1154,12,743714,2312,24,1158,12
11094,30,2595531,23444,66,12350,36
152,2,152396,440,6,288,4
152,2,165012,440,6,288,4
152,2,150548,440,6,288,4
152,2,151844,440,6,288,4
152,2,162351,440,6,288,4
152,2,153346,440,6,288,4
1154,12,2691355,2458,26,1304,14
11094,30,2464550,23436,66,12342,36
152,2,155360,440,6,288,4
152,2,167848,440,6,288,4
152,2,179055,440,6,288,4
10868,28,30112036242,22466,58,11598,30
11094,30,2543052,23470,66,12376,36
152,2,148743,440,6,288,4
152,2,161780,440,6,288,4
152,2,147835,440,6,288,4
152,2,163886,440,6,288,4
152,2,151071,440,6,288,4
152,2,150980,440,6,288,4
152,2,155014,440,6,288,4
152,2,156826,440,6,288,4
152,2,150439,440,6,288,4
1154,12,2670029,2314,24,1160,12
11230,32,2458329,23554,68,12324,36
152,2,153178,440,6,288,4
152,2,150396,440,6,288,4
152,2,177425,440,6,288,4
152,2,153077,440,6,288,4
152,2,153366,440,6,288,4
152,2,175636,440,6,288,4
10794,28,12120293843,22528,60,11734,32
11230,32,2261940,23606,68,12376,36
152,2,157460,440,6,288,4
1154,12,3166231,2320,24,1166,12
11094,30,2977604,23430,66,12336,36
152,2,148158,440,6,288,4
1154,12,2664439,2320,24,1166,12
11094,30,1968256,23428,66,12334,36
152,2,164381,440,6,288,4
1154,12,784580,2450,26,1296,14
152,2,166673,440,6,288,4
152,2,174105,440,6,288,4
152,2,163016,440,6,288,4
1154,12,752340,2448,26,1294,14
152,2,162052,440,6,288,4
152,2,149009,440,6,288,4
152,2,164067,440,6,288,4
152,2,155277,440,6,288,4
152,2,147614,440,6,288,4
152,2,195925,440,6,288,4
1154,12,2738245,2322,24,1168,12
11230,32,2555556,23572,68,12342,36
152,2,158773,440,6,288,4
152,2,158560,440,6,288,4
152,2,149379,440,6,288,4
152,2,162034,440,6,288,4
152,2,155876,440,6,288,4
152,2,153840,440,6,288,4
10794,28,5924804359,22528,60,11734,32
11094,30,2728629,23470,66,12376,36
152,2,183735,440,6,288,4
152,2,150835,440,6,288,4
152,2,148772,440,6,288,4
152,2,207810,440,6,288,4
152,2,149603,440,6,288,4
152,2,196075,440,6,288,4
1154,12,2915269,2314,24,1160,12
11230,32,2211711,23554,68,12324,36
152,2,179980,440,6,288,4
152,2,149258,440,6,288,4
152,2,161609,440,6,288,4
152,2,160520,440,6,288,4
152,2,153847,440,6,288,4
152,2,153941,440,6,288,4
152,2,159045,440,6,288,4
1018,10,2992171,2320,24,1302,14
11230,32,2253418,23566,68,12336,36
152,2,150418,440,6,288,4
1018,10,2837810,2320,24,1302,14
11094,30,2134093,23430,66,12336,36
152,2,157767,440,6,288,4
1154,12,740128,2450,26,1296,14
152,2,150494,440,6,288,4
152,2,177234,440,6,288,4
152,2,156441,440,6,288,4
1154,12,759627,2448,26,1294,14
10732,26,29984257482,22330,56,11598,30
11094,30,2497287,23470,66,12376,36
152,2,164120,440,6,288,4
152,2,147873,440,6,288,4
152,2,178669,440,6,288,4
152,2,172388,440,6,288,4
152,2,152039,440,6,288,4
152,2,160430,440,6,288,4
1018,10,2805843,2322,24,1304,14
11230,32,2622137,23572,68,12342,36
152,2,175493,440,6,288,4
152,2,157395,440,6,288,4
152,2,146579,440,6,288,4
152,2,181312,440,6,288,4
152,2,171443,440,6,288,4
152,2,178500,440,6,288,4
152,2,166945,440,6,288,4
152,2,154071,440,6,288,4
152,2,153021,440,6,288,4
152,2,184150,440,6,288,4
152,2,153967,440,6,288,4
152,2,196444,440,6,288,4
10794,28,12831653245,22528,60,11734,32
11094,30,2643305,23470,66,12376,36
1018,10,507387800,2314,24,1296,14
11230,32,506673891,23554,68,12324,36
152,2,153669,440,6,288,4
152,2,151412,440,6,288,4
152,2,150902,440,6,288,4
152,2,156449,440,6,288,4
152,2,150757,440,6,288,4
152,2,164677,440,6,288,4
152,2,157243,440,6,288,4
152,2,154803,440,6,288,4
1018,10,526649301,2320,24,1302,14
11230,32,526446615,23566,68,12336,36
1154,12,3202116,2320,24,1166,12
11230,32,2238048,23566,68,12336,36
152,2,150079,440,6,288,4
1154,12,730703,2450,26,1296,14
152,2,152341,440,6,288,4
152,2,159936,440,6,288,4
152,2,159184,440,6,288,4
1018,10,673524,2312,24,1294,14
152,2,153521,440,6,288,4
152,2,148490,440,6,288,4
152,2,158490,440,6,288,4
152,2,161405,440,6,288,4
10658,26,7999618472,22392,58,11734,32
152,2,157946,440,6,288,4
11094,30,2414813,23470,66,12376,36
152,2,148457,440,6,288,4
1154,12,3096034,2322,24,1168,12
11230,32,2786481,23572,68,12342,36
152,2,160418,440,6,288,4
152,2,152482,440,6,288,4
152,2,159216,440,6,288,4
152,2,156343,440,6,288,4
152,2,150568,440,6,288,4
152,2,176879,440,6,288,4
152,2,204710,440,6,288,4
152,2,158496,440,6,288,4
152,2,147326,440,6,288,4
152,2,158043,440,6,288,4
152,2,152293,440,6,288,4
152,2,156752,440,6,288,4
1018,10,3042378,2314,24,1296,14
11094,30,2194873,23418,66,12324,36
152,2,155010,440,6,288,4
152,2,146599,440,6,288,4
152,2,150596,440,6,288,4
152,2,156388,440,6,288,4
152,2,158730,440,6,288,4
10794,28,1855237498,22528,60,11734,32
11094,30,509656072,23470,66,12376,36
152,2,153722,440,6,288,4
152,2,159293,440,6,288,4
152,2,147596,440,6,288,4
1154,12,2780472,2320,24,1166,12
11230,32,2040805,23566,68,12336,36
1154,12,3436847,2456,26,1302,14
11094,30,3215441,23430,66,12336,36
152,2,179967,440,6,288,4
1154,12,730517,2450,26,1296,14
152,2,145077,440,6,288,4
152,2,174247,440,6,288,4
152,2,157650,440,6,288,4
1154,12,776386,2448,26,1294,14
152,2,175856,440,6,288,4
152,2,151845,440,6,288,4
152,2,162106,440,6,288,4
152,2,148237,440,6,288,4
152,2,147014,440,6,288,4
152,2,192877,440,6,288,4
1154,12,2621743,2322,24,1168,12
11094,30,2414658,23436,66,12342,36
10522,24,1711199,21984,52,11462,28
152,2,151095,440,6,288,4
11094,30,2275860,23470,66,12376,36
152,2,156431,440,6,288,4
152,2,148938,440,6,288,4
152,2,155171,440,6,288,4
152,2,148593,440,6,288,4
152,2,155879,440,6,288,4
152,2,185023,440,6,288,4
152,2,153716,440,6,288,4
152,2,150651,440,6,288,4
152,2,192346,440,6,288,4
152,2,152028,440,6,288,4
152,2,189675,440,6,288,4
152,2,191287,440,6,288,4
1154,12,2854120,2450,26,1296,14
11230,32,2633035,23554,68,12324,36
152,2,152040,440,6,288,4
152,2,158121,440,6,288,4
152,2,174354,440,6,288,4
152,2,166958,440,6,288,4
152,2,149315,440,6,288,4
152,2,156307,440,6,288,4
10658,26,3612860,22120,54,11462,28
11094,30,3591677,23470,66,12376,36
152,2,171884,440,6,288,4
1154,12,2794979,2456,26,1302,14
11230,32,2586067,23566,68,12336,36
1018,10,3277406,2320,24,1302,14
11094,30,2456932,23430,66,12336,36
152,2,336933,440,6,288,4
1018,10,664396,2314,24,1296,14
152,2,147748,440,6,288,4
152,2,157020,440,6,288,4
152,2,151006,440,6,288,4
1154,12,793052,2448,26,1294,14
152,2,159992,440,6,288,4
152,2,147033,440,6,288,4
152,2,169662,440,6,288,4
152,2,175840,440,6,288,4
152,2,182660,440,6,288,4
152,2,150114,440,6,288,4
1154,12,2672317,2322,24,1168,12
11230,32,2479497,23572,68,12342,36
152,2,201083,440,6,288,4
152,2,153975,440,6,288,4
152,2,159522,440,6,288,4
152,2,150779,440,6,288,4
152,2,3143398,440,6,288,4
152,2,160397,440,6,288,4
152,2,160774,440,6,288,4
10522,24,1531749,21984,52,11462,28
152,2,152069,440,6,288,4
11230,32,2326589,23606,68,12376,36
152,2,148680,440,6,288,4
152,2,161771,440,6,288,4
152,2,164341,440,6,288,4
152,2,171960,440,6,288,4
152,2,182872,440,6,288,4
1154,12,2924683,2314,24,1160,12
11230,32,2504432,23554,68,12324,36
152,2,149023,440,6,288,4
152,2,154816,440,6,288,4
3985926,24422,1019299385197,6387412,48844,2401486,24422
92,1,33602,184,2,92,1
92,1,28585,184,2,92,1
92,1,29794,184,2,92,1
92,1,81522,184,2,92,1
110100,127,1009315722906,119060,257,8960,130
481836,512,1000096504160,2577544,1474,2095708,962
240918,256,1000096470634,1288772,737,1047854,481
17638166,5222,1005212950986,100557483,15791,82919317,10569
8364,86,990558153587,19448,212,11084,126
104212,1122,990558913664,293922,2244,189710,1122
9180,98,990048914531,19312,210,10132,112
374856,3980,990559416986,995968,7440,621112,3460
1139754,9684,1004193260026,5309484,27362,4169730,17678
4488,66,982656016128,8976,132,4488,66
9316,100,990015868038,19992,220,10676,120
81376,870,990527298944,251582,1764,170206,894
4488,66,982793186324,8976,132,4488,66
7338,72,960027957090,18620,202,11282,130
3944,58,860000530566,7888,116,3944,58
20174,146,540457167578,48252,306,28078,160
76620,462,554581522513,117128,750,40508,288
102826,1362,540337036441,305470,2726,202644,1364
81474,1048,540295175753,256982,2106,175508,1058
245226,3454,540198264463,902342,8274,657116,4820
17288,98,540271457305,33056,168,15768,70
3204,44,553388135135,7302,90,4098,46
244894,1586,540264125584,373702,2764,128808,1178
243108,1574,540188933562,366448,2676,123340,1102
241870,1566,540059027258,367866,2710,125996,1144
240632,1558,540250605590,365748,2692,125116,1134
239468,1550,540063321979,365744,2704,126276,1154
237958,1538,540164529334,365394,2712,127436,1174
236448,1526,540166941616,361916,2674,125468,1148
235890,1528,540002359147,361294,2678,125404,1150
234104,1516,540220144634,357576,2642,123472,1126
232182,1502,540199293981,356442,2644,124260,1142
230734,1492,510218895157,355536,2646,124802,1154
228948,1480,510349301477,352090,2614,123142,1134
227500,1470,510350848612,347858,2566,120358,1096
225718,1454,510016031539,347780,2578,122062,1124
224068,1444,509907704933,344742,2552,120674,1108
222356,1432,510140493546,340146,2502,117790,1070
221662,1432,510116435409,340476,2520,118814,1088
220152,1420,509952328304,341622,2550,121470,1130
218642,1408,510144743816,340864,2552,122222,1144
217676,1404,510105738356,332762,2446,115086,1042
216166,1392,510207633277,335404,2498,119238,1106
215682,1394,510227703019,332816,2472,117134,1078
213216,1372,510179185558,329234,2438,116018,1066
211974,1368,510102696123,325788,2406,113814,1038
210736,1360,510173341560,323806,2390,113070,1030
209498,1352,510268412179,325904,2434,116406,1082
208050,1342,479962678557,322278,2396,114228,1054
206540,1330,479914250089,319344,2366,112804,1036
204272,1312,480278044065,318000,2366,113728,1054
202350,1298,480217444689,312786,2308,110436,1010
201244,1296,480191520625,313828,2342,112584,1046
199598,1282,480094113244,310894,2312,111296,1030
197750,1268,479995550148,309426,2308,111676,1040
197056,1268,480168208210,306356,2276,109300,1008
195270,1256,479920280815,306582,2298,111312,1042
194032,1248,480330546757,305280,2292,111248,1044
192794,1240,480538575835,301666,2252,108872,1012
191494,1230,479973424813,294862,2164,103368,934
190664,1228,480031255423,297912,2222,107248,994
189426,1220,480268221002,297562,2230,108136,1010
187776,1210,480246988012,293572,2190,105796,980
186402,1200,480154993581,289822,2148,103420,948
184818,1188,450182924470,291772,2192,106954,1004
183036,1172,450342480251,289110,2166,106074,994
181996,1168,450136504482,281614,2070,99618,902
180894,1162,450019500943,284256,2122,103362,960
178976,1144,450221802567,281322,2092,102346,948
177400,1134,450220649563,281486,2112,104086,978
176158,1130,450174122987,277904,2078,101746,948
174376,1114,449838986084,275922,2062,101546,948
173270,1112,450108748422,273428,2044,100158,932
170940,1092,450106480807,268350,1988,97410,896
169702,1084,450233593184,270040,2026,100338,942
168538,1076,449985181350,268812,2020,100274,944
167300,1068,449991383948,267374,2012,100074,944
166742,1070,450397021478,263488,1968,96746,898
165232,1058,450425975599,262594,1968,97362,910
163582,1048,450138520374,253708,1856,90126,808
161998,1036,420093258008,255658,1900,93660,864
160896,1030,420249157292,257892,1946,96996,916
158900,1016,420076766806,254780,1920,95880,904
157114,1004,420090946425,250654,1878,93540,874
155876,996,420065879732,250032,1882,94156,886
154502,986,420321603842,246010,1836,91508,850
152580,972,360040406602,245136,1844,92556,872
151206,962,359872707222,242066,1812,90860,850
149420,950,359844978048,240116,1802,90696,852
148318,944,360258956300,238814,1796,90496,852
147080,936,360069557577,233432,1730,86352,794
145706,926,360063227071,234986,1766,89280,840
144468,918,360189758448,228652,1686,84184,768
142818,908,360254522238,230102,1726,87284,818
141036,892,359986396303,227304,1698,86268,806
139658,886,359975591497,224130,1670,84472,784
138082,876,360172663062,222254,1660,84172,784
136980,870,360120585522,221360,1660,84380,790
135194,858,360286277397,219274,1648,84080,790
133956,850,359885685142,213076,1570,79120,720
132372,838,330042966434,209178,1528,76806,690
130998,828,330380529163,212500,1590,81502,762
129352,814,330146150920,209974,1566,80622,752
128658,814,329925080242,210032,1580,81374,766
126872,802,329885890743,205634,1534,78762,732
125634,794,330068415530,203380,1514,77746,720
123852,778,330270538612,202350,1512,78498,734
122886,774,330266173404,200368,1496,77482,722
120828,758,330007583123,198146,1482,77318,724
120134,758,330280257519,193580,1428,73446,670
119106,752,330166286333,193576,1440,74470,688
117320,740,330374729296,189722,1402,72402,662
116082,732,330214259400,188420,1396,72338,664
114844,724,329994657361,183174,1332,68330,608
113058,712,330325857181,186120,1394,73062,682
111820,704,330211815723,181962,1346,70142,642
110236,692,300062870688,179288,1322,69052,630
108318,674,299907901534,174994,1272,66676,598
107624,674,300467846596,177092,1316,69468,642
106522,668,300337371986,175246,1302,68724,634
105148,658,300271508730,172720,1278,67572,620
104046,652,300028034046,170738,1262,66692,610
102260,640,300034390737,167700,1236,65440,596
100478,624,299920686741,165310,1214,64832,590
99784,624,300349263892,162920,1192,63136,568
97862,610,299930460349,160834,1180,62972,570
96970,606,300158153341,158110,1152,61140,546
95048,592,299952586951,156296,1144,61248,552
93402,578,300377063756,153226,1112,59824,534
92024,572,300270400530,152364,1118,60340,546
90922,566,300426570707,146710,1048,55788,482
88790,550,270038928030,147468,1080,58678,530
87004,538,270077577565,145110,1064,58106,526
85218,526,270109855871,141664,1032,56446,506
83844,516,270002687894,139682,1016,55838,500
82742,510,270146042637,137972,1004,55230,494
1360,20,276527635080,2720,40,1360,20
81232,498,270193763880,134766,970,53534,472
80266,494,270262797789,133872,970,53606,476
79028,486,270092410263,129578,920,50550,434
77790,478,270291376968,130044,940,52254,462
76214,468,270170226743,127080,914,50866,446
74976,460,270458309375,125506,904,50530,444
73738,452,270271356509,123932,894,50194,442
72364,442,270160276908,121270,868,48906,426
70714,432,269911324474,118232,842,47518,410
68248,410,270303175705,115466,820,47218,410
66660,402,239865153894,111600,784,44940,382
65014,388,240452465239,109074,760,44060,372
64184,386,240134008414,107908,756,43724,370
63082,380,240145993782,106062,742,42980,362
61844,372,240221562423,103400,716,41556,344
60470,362,240386634148,102642,718,42172,356
59368,356,240247236023,100252,696,40884,340
58130,348,240345649406,95550,640,37420,292
56892,340,240233254696,96968,674,40076,334
55654,332,240250700510,94986,658,39332,326
54078,322,240153259939,91342,622,37264,300
52840,314,240025919204,88816,598,35976,284
51602,306,240359901848,87922,598,36320,292
50364,298,239964032609,86076,584,35712,286
48578,286,239852013938,82902,556,34324,270
46994,274,210201912578,79004,514,32010,240
45208,262,210016760745,76782,500,31574,238
43970,254,209915069191,74936,486,30966,232
42732,246,210191067962,73770,482,31038,236
41494,238,210167710499,70428,446,28934,208
40256,230,210234422703,69942,452,29686,222
39018,222,209981567909,67688,432,28670,210
37780,214,210359393611,65298,410,27518,196
35994,202,209911825409,62668,390,26674,188
34966,196,210213037592,60760,374,25794,178
33180,184,210131896082,58402,358,25222,174
31394,172,210069247575,54956,326,23562,154
30156,164,210336657482,53246,314,23090,150
28782,154,210151146238,51536,302,22754,148
11906,38,180266085081,24126,78,12220,40
27132,144,210092600092,48634,278,21502,134
25548,132,179924944396,45824,252,20276,120
24310,124,180212252979,44250,242,19940,118
23072,116,180099712279,41996,222,18924,106
21834,108,180186603417,40014,206,18180,98
11906,38,180081280019,24126,78,12220,40
20048,96,180450734948,37248,184,17200,88
18674,86,180527695508,35402,170,16728,84
17436,78,180136001685,33420,154,15984,76
16198,70,180121725387,31438,138,15240,68
13996,48,180067700202,26932,96,12936,48
14510,60,180183163062,28498,114,13988,54
11906,38,179808170015,24184,78,12278,40
11362,32,120127700006,23368,68,12006,36
11288,32,89983930080,23158,66,11870,34
10868,28,29984090359,22466,58,11598,30
10794,28,10365983770,22528,60,11734,32
152,2,165427,440,6,288,4
272,4,30527266152,544,8,272,4
152,2,155910,440,6,288,4
152,2,147128,440,6,288,4
10658,26,5250681950,22392,58,11734,32
11230,32,2459919,23606,68,12376,36
4272,8,1154620234,5886,20,1614,12
8544,16,1154641338,11772,40,3228,24
2840,12,934325235,4006,24,1166,12
152,2,179059,440,6,288,4
1154,12,5969612,2320,24,1166,12
11094,30,2768186,23428,66,12334,36
1018,10,521666103,2320,24,1302,14
11230,32,516642350,23566,68,12336,36
11230,32,514851830,25210,68,13980,36
152,2,153211,440,6,288,4
3624,8,1017211027,6267,21,2643,13
7248,16,1017265736,12534,42,5286,26
152,2,151646,440,6,288,4
1154,12,732805,2450,26,1296,14
152,2,148947,440,6,288,4
1408,10,505373963,4452,22,3044,12
152,2,157503,440,6,288,4
11094,30,2343494,23410,66,12316,36
152,2,152459,440,6,288,4
3852,9,1024218487,5578,22,1726,13
7704,18,1024243335,11156,44,3452,26
1548,8,513720278,2802,20,1254,12
1154,12,743714,2312,24,1158,12
11094,30,2595531,23444,66,12350,36
152,2,152396,440,6,288,4
152,2,165012,440,6,288,4
152,2,150548,440,6,288,4
152,2,151844,440,6,288,4
152,2,162351,440,6,288,4
152,2,153346,440,6,288,4
1154,12,2691355,2458,26,1304,14
11094,30,2464550,23436,66,12342,36
152,2,155360,440,6,288,4
152,2,167848,440,6,288,4
152,2,179055,440,6,288,4
10868,28,30112036242,22466,58,11598,30
11094,30,2543052,23470,66,12376,36
152,2,148743,440,6,288,4
152,2,161780,440,6,288,4
152,2,147835,440,6,288,4
152,2,163886,440,6,288,4
152,2,151071,440,6,288,4
152,2,150980,440,6,288,4
152,2,155014,440,6,288,4
152,2,156826,440,6,288,4
152,2,150439,440,6,288,4
1154,12,2670029,2314,24,1160,12
11230,32,2458329,23554,68,12324,36
152,2,153178,440,6,288,4
152,2,150396,440,6,288,4
152,2,177425,440,6,288,4
152,2,153077,440,6,288,4
152,2,153366,440,6,288,4
152,2,175636,440,6,288,4
10794,28,12120293843,22528,60,11734,32
11230,32,2261940,23606,68,12376,36
152,2,157460,440,6,288,4
1154,12,3166231,2320,24,1166,12
11094,30,2977604,23430,66,12336,36
152,2,148158,440,6,288,4
1154,12,2664439,2320,24,1166,12
11094,30,1968256,23428,66,12334,36
152,2,164381,440,6,288,4
1154,12,784580,2450,26,1296,14
152,2,166673,440,6,288,4
152,2,174105,440,6,288,4
152,2,163016,440,6,288,4
1154,12,752340,2448,26,1294,14
152,2,162052,440,6,288,4
152,2,149009,440,6,288,4
152,2,164067,440,6,288,4
152,2,155277,440,6,288,4
152,2,147614,440,6,288,4
152,2,195925,440,6,288,4
1154,12,2738245,2322,24,1168,12
11230,32,2555556,23572,68,12342,36
152,2,158773,440,6,288,4
152,2,158560,440,6,288,4
152,2,149379,440,6,288,4
152,2,162034,440,6,288,4
152,2,155876,440,6,288,4
152,2,153840,440,6,288,4
10794,28,5924804359,22528,60,11734,32
11094,30,2728629,23470,66,12376,36
152,2,183735,440,6,288,4
152,2,150835,440,6,288,4
152,2,148772,440,6,288,4
152,2,207810,440,6,288,4
152,2,149603,440,6,288,4
152,2,196075,440,6,288,4
1154,12,2915269,2314,24,1160,12
11230,32,2211711,23554,68,12324,36
152,2,179980,440,6,288,4
152,2,149258,440,6,288,4
152,2,161609,440,6,288,4
152,2,160520,440,6,288,4
152,2,153847,440,6,288,4
152,2,153941,440,6,288,4
152,2,159045,440,6,288,4
1018,10,2992171,2320,24,1302,14
11230,32,2253418,23566,68,12336,36
152,2,150418,440,6,288,4
1018,10,2837810,2320,24,1302,14
11094,30,2134093,23430,66,12336,36
152,2,157767,440,6,288,4
1154,12,740128,2450,26,1296,14
152,2,150494,440,6,288,4
152,2,177234,440,6,288,4
152,2,156441,440,6,288,4
1154,12,759627,2448,26,1294,14
10522,24,1691013,21984,52,11462,28
11094,30,2497287,23470,66,12376,36
152,2,164120,440,6,288,4
152,2,147873,440,6,288,4
152,2,178669,440,6,288,4
152,2,172388,440,6,288,4
152,2,152039,440,6,288,4
152,2,160430,440,6,288,4
1018,10,2805843,2322,24,1304,14
11230,32,2622137,23572,68,12342,36
152,2,175493,440,6,288,4
152,2,157395,440,6,288,4
152,2,146579,440,6,288,4
152,2,181312,440,6,288,4
152,2,171443,440,6,288,4
152,2,178500,440,6,288,4
152,2,166945,440,6,288,4
152,2,154071,440,6,288,4
152,2,153021,440,6,288,4
152,2,184150,440,6,288,4
152,2,153967,440,6,288,4
152,2,196444,440,6,288,4
10794,28,12831653245,22528,60,11734,32
11094,30,2643305,23470,66,12376,36
1018,10,507387800,2314,24,1296,14
11230,32,506673891,23554,68,12324,36
152,2,153669,440,6,288,4
152,2,151412,440,6,288,4
152,2,150902,440,6,288,4
152,2,156449,440,6,288,4
152,2,150757,440,6,288,4
152,2,164677,440,6,288,4
152,2,157243,440,6,288,4
152,2,154803,440,6,288,4
1018,10,526649301,2320,24,1302,14
11230,32,526446615,23566,68,12336,36
1154,12,3202116,2320,24,1166,12
11230,32,2238048,23566,68,12336,36
152,2,150079,440,6,288,4
1154,12,730703,2450,26,1296,14
152,2,152341,440,6,288,4
152,2,159936,440,6,288,4
152,2,159184,440,6,288,4
1018,10,673524,2312,24,1294,14
152,2,153521,440,6,288,4
152,2,148490,440,6,288,4
152,2,158490,440,6,288,4
152,2,161405,440,6,288,4
10658,26,7999618472,22392,58,11734,32
152,2,157946,440,6,288,4
11094,30,2414813,23470,66,12376,36
152,2,148457,440,6,288,4
1154,12,3096034,2322,24,1168,12
11230,32,2786481,23572,68,12342,36
152,2,160418,440,6,288,4
152,2,152482,440,6,288,4
152,2,159216,440,6,288,4
152,2,156343,440,6,288,4
152,2,150568,440,6,288,4
152,2,176879,440,6,288,4
152,2,204710,440,6,288,4
152,2,158496,440,6,288,4
152,2,147326,440,6,288,4
152,2,158043,440,6,288,4
152,2,152293,440,6,288,4
152,2,156752,440,6,288,4
1018,10,3042378,2314,24,1296,14
11094,30,2194873,23418,66,12324,36
152,2,155010,440,6,288,4
152,2,146599,440,6,288,4
152,2,150596,440,6,288,4
152,2,156388,440,6,288,4
152,2,158730,440,6,288,4
10794,28,1855237498,22528,60,11734,32
11094,30,509656072,23470,66,12376,36
152,2,153722,440,6,288,4
152,2,159293,440,6,288,4
152,2,147596,440,6,288,4
1154,12,2780472,2320,24,1166,12
11230,32,2040805,23566,68,12336,36
1154,12,3436847,2456,26,1302,14
11094,30,3215441,23430,66,12336,36
152,2,179967,440,6,288,4
1154,12,730517,2450,26,1296,14
152,2,145077,440,6,288,4
152,2,174247,440,6,288,4
152,2,157650,440,6,288,4
1154,12,776386,2448,26,1294,14
152,2,175856,440,6,288,4
152,2,151845,440,6,288,4
152,2,162106,440,6,288,4
152,2,148237,440,6,288,4
152,2,147014,440,6,288,4
152,2,192877,440,6,288,4
1154,12,2621743,2322,24,1168,12
11094,30,2414658,23436,66,12342,36
10522,24,1711199,21984,52,11462,28
152,2,151095,440,6,288,4
11094,30,2275860,23470,66,12376,36
152,2,156431,440,6,288,4
152,2,148938,440,6,288,4
152,2,155171,440,6,288,4
152,2,148593,440,6,288,4
152,2,155879,440,6,288,4
152,2,185023,440,6,288,4
152,2,153716,440,6,288,4
152,2,150651,440,6,288,4
152,2,192346,440,6,288,4
152,2,152028,440,6,288,4
152,2,189675,440,6,288,4
152,2,191287,440,6,288,4
1154,12,2854120,2450,26,1296,14
11230,32,2633035,23554,68,12324,36
152,2,152040,440,6,288,4
152,2,158121,440,6,288,4
3946726,24182,1009314773680,6324612,48364,2377886,24182
92,1,33602,184,2,92,1
92,1,28585,184,2,92,1
92,1,29794,184,2,92,1
109732,126,990336234875,118624,255,8892,129
477596,508,990034084053,2553730,1462,2076134,954
238798,254,990034051727,1276865,731,1038067,477
17545110,5202,990030185387,100023750,15715,82478640,10513
8364,86,990558153587,19448,212,11084,126
104212,1122,990558913664,293922,2244,189710,1122
9180,98,990048914531,19312,210,10132,112
374856,3980,990559416986,995968,7440,621112,3460
1138338,9672,994145016486,5303564,27326,4165226,17654
4488,66,982656016128,8976,132,4488,66
8970,96,959999772583,19300,212,10330,116
81030,866,960511576169,250890,1756,169860,890
4352,64,952415897873,8704,128,4352,64
7338,72,960027957090,18620,202,11282,130
3944,58,860000530566,7888,116,3944,58
20174,146,540457167578,48252,306,28078,160
75352,454,543509047473,115388,738,40036,284
102826,1362,540337036441,305470,2726,202644,1364
81474,1048,540295175753,256982,2106,175508,1058
245226,3454,540198264463,902342,8274,657116,4820
17288,98,540271457305,33056,168,15768,70
3068,42,522855703901,7030,86,3962,44
244894,1586,540264125584,373702,2764,128808,1178
243108,1574,540188933562,366448,2676,123340,1102
241870,1566,540059027258,367866,2710,125996,1144
240632,1558,540250605590,365748,2692,125116,1134
239122,1546,509951669312,365188,2698,126066,1152
237612,1534,510145412673,364838,2706,127226,1172
236238,1524,510150926142,361360,2668,125122,1144
235544,1524,509983434219,360738,2672,125194,1148
233758,1512,510204084367,357020,2636,123262,1124
231836,1498,510183265597,355886,2638,124050,1140
230734,1492,510218895157,355536,2646,124802,1154
228948,1480,510349301477,352090,2614,123142,1134
227500,1470,510350848612,347858,2566,120358,1096
225718,1454,510016031539,347780,2578,122062,1124
224068,1444,509907704933,344742,2552,120674,1108
222356,1432,510140493546,340146,2502,117790,1070
221662,1432,510116435409,340476,2520,118814,1088
220152,1420,509952328304,341622,2550,121470,1130
218642,1408,510144743816,340864,2552,122222,1144
217676,1404,510105738356,332762,2446,115086,1042
216166,1392,510207633277,335404,2498,119238,1106
215336,1390,480113998085,332260,2466,116924,1076
213006,1370,480160051608,328678,2432,115672,1062
211628,1364,480086674138,325096,2398,113468,1034
210390,1356,480157487420,323250,2384,112860,1028
209152,1348,480249492941,325212,2426,116060,1078
208050,1342,479962678557,322278,2396,114228,1054
206540,1330,479914250089,319344,2366,112804,1036
204272,1312,480278044065,318000,2366,113728,1054
202350,1298,480217444689,312786,2308,110436,1010
201244,1296,480191520625,313828,2342,112584,1046
199598,1282,480094113244,310894,2312,111296,1030
197750,1268,479995550148,309426,2308,111676,1040
197056,1268,480168208210,306356,2276,109300,1008
195270,1256,479920280815,306582,2298,111312,1042
194032,1248,480330546757,305280,2292,111248,1044
192794,1240,480538575835,301666,2252,108872,1012
191148,1226,450475615861,294306,2158,103158,932
190318,1224,450015960947,297356,2216,107038,992
189080,1216,450249330859,296870,2222,107790,1006
187430,1206,450230919638,292880,2182,105450,976
186056,1196,450139243051,289130,2140,103074,944
184818,1188,450182924470,291772,2192,106954,1004
183036,1172,450342480251,289110,2166,106074,994
181996,1168,450136504482,281614,2070,99618,902
180894,1162,450019500943,284256,2122,103362,960
178976,1144,450221802567,281322,2092,102346,948
177400,1134,450220649563,281486,2112,104086,978
176158,1130,450174122987,277904,2078,101746,948
174376,1114,449838986084,275922,2062,101546,948
173270,1112,450108748422,273428,2044,100158,932
170940,1092,450106480807,268350,1988,97410,896
169702,1084,450233593184,270040,2026,100338,942
168328,1074,419873600767,268256,2014,99928,940
167090,1066,419975338185,266818,2006,99728,940
166396,1066,420381018449,262796,1960,96400,894
164886,1054,420410015894,262038,1962,97152,908
163236,1044,420122916911,253016,1848,89780,804
161998,1036,420093258008,255658,1900,93660,864
160896,1030,420249157292,257892,1946,96996,916
158900,1016,420076766806,254780,1920,95880,904
157114,1004,420090946425,250654,1878,93540,874
155876,996,420065879732,250032,1882,94156,886
154502,986,420321603842,246010,1836,91508,850
152580,972,360040406602,245136,1844,92556,872
151206,962,359872707222,242066,1812,90860,850
149420,950,359844978048,240116,1802,90696,852
148318,944,360258956300,238814,1796,90496,852
147080,936,360069557577,233432,1730,86352,794
145706,926,360063227071,234986,1766,89280,840
144468,918,360189758448,228652,1686,84184,768
142818,908,360254522238,230102,1726,87284,818
141036,892,359986396303,227304,1698,86268,806
139658,886,359975591497,224130,1670,84472,784
137736,872,330153315732,221698,1654,83962,782
136634,866,330104564822,220804,1654,84170,788
134848,854,330270216094,218718,1642,83870,788
133610,846,329872761543,212520,1564,78910,718
132372,838,330042966434,209178,1528,76806,690
130998,828,330380529163,212500,1590,81502,762
129352,814,330146150920,209974,1566,80622,752
128658,814,329925080242,210032,1580,81374,766
126872,802,329885890743,205634,1534,78762,732
125634,794,330068415530,203380,1514,77746,720
123852,778,330270538612,202350,1512,78498,734
122886,774,330266173404,200368,1496,77482,722
120828,758,330007583123,198146,1482,77318,724
120134,758,330280257519,193580,1428,73446,670
118760,748,300054879378,192884,1432,74124,684
116974,736,300355371233,189030,1394,72056,658
115736,728,300198243992,187728,1388,71992,660
114498,720,299975730691,182618,1326,68120,606
112712,708,300309924367,185564,1388,72852,680
111474,700,300195792181,181406,1340,69932,640
110236,692,300062870688,179288,1322,69052,630
108318,674,299907901534,174994,1272,66676,598
107624,674,300467846596,177092,1316,69468,642
106522,668,300337371986,175246,1302,68724,634
105148,658,300271508730,172720,1278,67572,620
104046,652,300028034046,170738,1262,66692,610
102260,640,300034390737,167700,1236,65440,596
100478,624,299920686741,165310,1214,64832,590
99784,624,300349263892,162920,1192,63136,568
97862,610,299930460349,160834,1180,62972,570
96624,602,270138873602,157554,1146,60930,544
94702,588,269936554600,155740,1138,61038,550
93056,574,270360927504,152534,1104,59478,530
91678,568,270254465412,151808,1112,60130,544
90576,562,270410635005,146018,1040,55442,478
88790,550,270038928030,147468,1080,58678,530
87004,538,270077577565,145110,1064,58106,526
85218,526,270109855871,141664,1032,56446,506
83844,516,270002687894,139682,1016,55838,500
82742,510,270146042637,137972,1004,55230,494
1360,20,276527635080,2720,40,1360,20
81232,498,270193763880,134766,970,53534,472
80266,494,270262797789,133872,970,53606,476
79028,486,270092410263,129578,920,50550,434
77790,478,270291376968,130044,940,52254,462
75868,464,240058553240,126524,908,50656,444
74630,456,240438955155,124814,896,50184,440
73392,448,240255523633,123240,886,49848,438
72018,438,240140166721,120714,862,48696,424
70368,428,239900030052,117676,836,47308,408
68038,408,240287243669,114910,814,46872,406
66660,402,239865153894,111600,784,44940,382
65014,388,240452465239,109074,760,44060,372
64184,386,240134008414,107908,756,43724,370
63082,380,240145993782,106062,742,42980,362
61844,372,240221562423,103400,716,41556,344
60470,362,240386634148,102642,718,42172,356
59368,356,240247236023,100252,696,40884,340
58130,348,240345649406,95550,640,37420,292
56892,340,240233254696,96968,674,40076,334
55654,332,240250700510,94986,658,39332,326
53732,318,210137243342,90786,616,37054,298
52494,310,210012812315,88260,592,35766,282
51256,302,210343838274,87366,592,36110,290
50018,294,209948279394,85520,578,35502,284
48232,282,210347954692,82346,550,34114,268
46994,274,210201912578,79004,514,32010,240
45208,262,210016760745,76782,500,31574,238
43970,254,209915069191,74936,486,30966,232
42732,246,210191067962,73770,482,31038,236
41494,238,210167710499,70428,446,28934,208
40256,230,210234422703,69942,452,29686,222
39018,222,209981567909,67688,432,28670,210
37780,214,210359393611,65298,410,27518,196
35994,202,209911825409,62668,390,26674,188
34620,192,180099330905,60204,368,25584,176
32834,180,180115766843,57846,352,25012,172
31048,168,180053525209,54400,320,23352,152
29810,160,180320663827,52690,308,22880,148
28436,150,180135186634,50980,296,22544,146
11906,38,180266085081,24126,78,12220,40
26786,140,180076678669,48078,272,21292,132
25548,132,179924944396,45824,252,20276,120
24310,124,180212252979,44250,242,19940,118
23072,116,180099712279,41996,222,18924,106
21834,108,180186603417,40014,206,18180,98
11906,38,180081280019,24126,78,12220,40
20048,96,180450734948,37248,184,17200,88
18674,86,180527695508,35402,170,16728,84
17436,78,180136001685,33420,154,15984,76
16198,70,180121725387,31438,138,15240,68
13996,48,180067700202,26932,96,12936,48
14510,60,180183163062,28498,114,13988,54
11572,34,149792886194,23714,72,12142,38
11362,32,120127700006,23368,68,12006,36
11288,32,89983930080,23158,66,11870,34
10868,28,29984090359,22466,58,11598,30
10794,28,10365983770,22528,60,11734,32
152,2,165427,440,6,288,4
272,4,30527266152,544,8,272,4
152,2,155910,440,6,288,4
152,2,147128,440,6,288,4
10658,26,5250681950,22392,58,11734,32
11230,32,2459919,23606,68,12376,36
4272,8,1154620234,5886,20,1614,12
8544,16,1154641338,11772,40,3228,24
2840,12,934325235,4006,24,1166,12
152,2,179059,440,6,288,4
1154,12,5969612,2320,24,1166,12
11094,30,2768186,23428,66,12334,36
1018,10,521666103,2320,24,1302,14
11230,32,516642350,23566,68,12336,36
11230,32,514851830,25210,68,13980,36
152,2,153211,440,6,288,4
3624,8,1017211027,6267,21,2643,13
7248,16,1017265736,12534,42,5286,26
152,2,151646,440,6,288,4
1154,12,732805,2450,26,1296,14
152,2,148947,440,6,288,4
1408,10,505373963,4452,22,3044,12
152,2,157503,440,6,288,4
11094,30,2343494,23410,66,12316,36
152,2,152459,440,6,288,4
3852,9,1024218487,5578,22,1726,13
7704,18,1024243335,11156,44,3452,26
1548,8,513720278,2802,20,1254,12
1154,12,743714,2312,24,1158,12
11094,30,2595531,23444,66,12350,36
152,2,152396,440,6,288,4
152,2,165012,440,6,288,4
152,2,150548,440,6,288,4
152,2,151844,440,6,288,4
152,2,162351,440,6,288,4
152,2,153346,440,6,288,4
1154,12,2691355,2458,26,1304,14
11094,30,2464550,23436,66,12342,36
152,2,155360,440,6,288,4
152,2,167848,440,6,288,4
152,2,179055,440,6,288,4
10868,28,30112036242,22466,58,11598,30
11094,30,2543052,23470,66,12376,36
152,2,148743,440,6,288,4
152,2,161780,440,6,288,4
152,2,147835,440,6,288,4
152,2,163886,440,6,288,4
152,2,151071,440,6,288,4
152,2,150980,440,6,288,4
152,2,155014,440,6,288,4
152,2,156826,440,6,288,4
152,2,150439,440,6,288,4
1154,12,2670029,2314,24,1160,12
11230,32,2458329,23554,68,12324,36
152,2,153178,440,6,288,4
152,2,150396,440,6,288,4
152,2,177425,440,6,288,4
152,2,153077,440,6,288,4
152,2,153366,440,6,288,4
152,2,175636,440,6,288,4
10794,28,12120293843,22528,60,11734,32
11230,32,2261940,23606,68,12376,36
152,2,157460,440,6,288,4
1154,12,3166231,2320,24,1166,12
11094,30,2977604,23430,66,12336,36
152,2,148158,440,6,288,4
1154,12,2664439,2320,24,1166,12
11094,30,1968256,23428,66,12334,36
152,2,164381,440,6,288,4
1154,12,784580,2450,26,1296,14
152,2,166673,440,6,288,4
152,2,174105,440,6,288,4
152,2,163016,440,6,288,4
1154,12,752340,2448,26,1294,14
152,2,162052,440,6,288,4
152,2,149009,440,6,288,4
152,2,164067,440,6,288,4
152,2,155277,440,6,288,4
152,2,147614,440,6,288,4
152,2,195925,440,6,288,4
1154,12,2738245,2322,24,1168,12
11230,32,2555556,23572,68,12342,36
152,2,158773,440,6,288,4
152,2,158560,440,6,288,4
152,2,149379,440,6,288,4
152,2,162034,440,6,288,4
152,2,155876,440,6,288,4
152,2,153840,440,6,288,4
10794,28,5924804359,22528,60,11734,32
11094,30,2728629,23470,66,12376,36
152,2,183735,440,6,288,4
152,2,150835,440,6,288,4
152,2,148772,440,6,288,4
152,2,207810,440,6,288,4
152,2,149603,440,6,288,4
152,2,196075,440,6,288,4
1154,12,2915269,2314,24,1160,12
11230,32,2211711,23554,68,12324,36
152,2,179980,440,6,288,4
152,2,149258,440,6,288,4
152,2,161609,440,6,288,4
152,2,160520,440,6,288,4
152,2,153847,440,6,288,4
152,2,153941,440,6,288,4
152,2,159045,440,6,288,4
1018,10,2992171,2320,24,1302,14
11230,32,2253418,23566,68,12336,36
152,2,150418,440,6,288,4
1018,10,2837810,2320,24,1302,14
11094,30,2134093,23430,66,12336,36
152,2,157767,440,6,288,4
1154,12,740128,2450,26,1296,14
152,2,150494,440,6,288,4
152,2,177234,440,6,288,4
152,2,156441,440,6,288,4
1154,12,759627,2448,26,1294,14
10522,24,1691013,21984,52,11462,28
11094,30,2497287,23470,66,12376,36
152,2,164120,440,6,288,4
152,2,147873,440,6,288,4
152,2,178669,440,6,288,4
152,2,172388,440,6,288,4
152,2,152039,440,6,288,4
152,2,160430,440,6,288,4
1018,10,2805843,2322,24,1304,14
11230,32,2622137,23572,68,12342,36
152,2,175493,440,6,288,4
152,2,157395,440,6,288,4
152,2,146579,440,6,288,4
152,2,181312,440,6,288,4
152,2,171443,440,6,288,4
152,2,178500,440,6,288,4
152,2,166945,440,6,288,4
152,2,154071,440,6,288,4
152,2,153021,440,6,288,4
152,2,184150,440,6,288,4
152,2,153967,440,6,288,4
152,2,196444,440,6,288,4
10658,26,4276855,22120,54,11462,28
11094,30,2643305,23470,66,12376,36
1018,10,507387800,2314,24,1296,14
11230,32,506673891,23554,68,12324,36
152,2,153669,440,6,288,4
152,2,151412,440,6,288,4
152,2,150902,440,6,288,4
152,2,156449,440,6,288,4
152,2,150757,440,6,288,4
152,2,164677,440,6,288,4
152,2,157243,440,6,288,4
152,2,154803,440,6,288,4
1018,10,526649301,2320,24,1302,14
11230,32,526446615,23566,68,12336,36
1154,12,3202116,2320,24,1166,12
11230,32,2238048,23566,68,12336,36
152,2,150079,440,6,288,4
1154,12,730703,2450,26,1296,14
152,2,152341,440,6,288,4
152,2,159936,440,6,288,4
152,2,159184,440,6,288,4
1018,10,673524,2312,24,1294,14
152,2,153521,440,6,288,4
152,2,148490,440,6,288,4
152,2,158490,440,6,288,4
152,2,161405,440,6,288,4
10522,24,511675962,21984,52,11462,28
152,2,157946,440,6,288,4
11094,30,2414813,23470,66,12376,36
152,2,148457,440,6,288,4
1154,12,3096034,2322,24,1168,12
11230,32,2786481,23572,68,12342,36
152,2,160418,440,6,288,4
152,2,152482,440,6,288,4
152,2,159216,440,6,288,4
152,2,156343,440,6,288,4
152,2,150568,440,6,288,4
152,2,176879,440,6,288,4
152,2,204710,440,6,288,4
152,2,158496,440,6,288,4
152,2,147326,440,6,288,4
152,2,158043,440,6,288,4
152,2,152293,440,6,288,4
152,2,156752,440,6,288,4
1018,10,3042378,2314,24,1296,14
11094,30,2194873,23418,66,12324,36
152,2,155010,440,6,288,4
152,2,146599,440,6,288,4
152,2,150596,440,6,288,4
3907526,23942,999266376095,6261812,47884,2354286,23942
92,1,33602,184,2,92,1
92,1,28585,184,2,92,1
92,1,29794,184,2,92,1
107356,124,979296622881,116112,251,8756,127
473356,504,980096881304,2529924,1450,2056568,946
236678,252,980096847777,1264962,725,1028284,473
17424067,5169,980093827773,99332810,15614,81908743,10445
8154,84,960449761330,18892,206,10738,122
103866,1118,960447313935,293230,2236,189364,1118
8834,94,959940637001,18756,204,9922,110
374510,3976,960447868577,995276,7432,620766,3456
1137158,9662,984192021906,5298658,27296,4161500,17634
4488,66,982656016128,8976,132,4488,66
8970,96,959999772583,19300,212,10330,116
81030,866,960511576169,250890,1756,169860,890
4352,64,952415897873,8704,128,4352,64
7338,72,960027957090,18620,202,11282,130
3944,58,860000530566,7888,116,3944,58
22734,182,599995941468,59700,382,36966,200
19964,144,538204151970,47906,302,27942,158
74582,448,538167463520,114172,728,39590,280
102492,1358,510228302848,305000,2720,202508,1362
81140,1044,510186413597,256512,2100,175372,1056
244892,3450,510089626200,901872,8268,656980,4818
16942,94,510160285867,32500,162,15558,68
3068,42,522855703901,7030,86,3962,44
244548,1582,510153376420,373010,2756,128462,1174
242762,1570,510080292028,365892,2670,123130,1100
241524,1562,509947441367,367310,2704,125786,1142
240286,1554,510139172264,365192,2686,124906,1132
239122,1546,509951669312,365188,2698,126066,1152
237612,1534,510145412673,364838,2706,127226,1172
236238,1524,510150926142,361360,2668,125122,1144
235544,1524,509983434219,360738,2672,125194,1148
233758,1512,510204084367,357020,2636,123262,1124
231836,1498,510183265597,355886,2638,124050,1140
230734,1492,510218895157,355536,2646,124802,1154
228948,1480,510349301477,352090,2614,123142,1134
227500,1470,510350848612,347858,2566,120358,1096
225718,1454,510016031539,347780,2578,122062,1124
224068,1444,509907704933,344742,2552,120674,1108
222146,1430,480120802481,339590,2496,117444,1066
221316,1428,480005686082,339784,2512,118468,1084
219806,1416,480350526766,341066,2544,121260,1128
218432,1406,480539472952,340308,2546,121876,1140
217330,1400,480505671437,332206,2440,114876,1040
215956,1390,480096197343,334848,2492,118892,1102
215336,1390,480113998085,332260,2466,116924,1076
213006,1370,480160051608,328678,2432,115672,1062
211628,1364,480086674138,325096,2398,113468,1034
210390,1356,480157487420,323250,2384,112860,1028
209152,1348,480249492941,325212,2426,116060,1078
208050,1342,479962678557,322278,2396,114228,1054
206540,1330,479914250089,319344,2366,112804,1036
204272,1312,480278044065,318000,2366,113728,1054
202350,1298,480217444689,312786,2308,110436,1010
201244,1296,480191520625,313828,2342,112584,1046
199598,1282,480094113244,310894,2312,111296,1030
197540,1266,449981728871,308870,2302,111330,1036
196710,1264,450056955896,305800,2270,109090,1006
194924,1252,450318095148,305890,2290,110966,1038
193686,1244,450219125959,304588,2284,110902,1040
192448,1236,450429452783,300974,2244,108526,1008
191148,1226,450475615861,294306,2158,103158,932
190318,1224,450015960947,297356,2216,107038,992
189080,1216,450249330859,296870,2222,107790,1006
187430,1206,450230919638,292880,2182,105450,976
186056,1196,450139243051,289130,2140,103074,944
184818,1188,450182924470,291772,2192,106954,1004
183036,1172,450342480251,289110,2166,106074,994
181996,1168,450136504482,281614,2070,99618,902
180894,1162,450019500943,284256,2122,103362,960
178976,1144,450221802567,281322,2092,102346,948
177190,1132,420204634862,280930,2106,103740,974
175812,1126,420064225807,277212,2070,101400,944
174166,1112,420237192805,275366,2056,101200,944
172924,1108,420503587295,272736,2036,99812,928
170730,1090,420506063578,267794,1982,97064,892
169492,1082,420121943916,269484,2020,99992,938
168328,1074,419873600767,268256,2014,99928,940
167090,1066,419975338185,266818,2006,99728,940
166396,1066,420381018449,262796,1960,96400,894
164886,1054,420410015894,262038,1962,97152,908
163236,1044,420122916911,253016,1848,89780,804
161998,1036,420093258008,255658,1900,93660,864
160896,1030,420249157292,257892,1946,96996,916
158900,1016,420076766806,254780,1920,95880,904
157114,1004,420090946425,250654,1878,93540,874
155876,996,420065879732,250032,1882,94156,886
154502,986,420321603842,246010,1836,91508,850
152580,972,360040406602,245136,1844,92556,872
151206,962,359872707222,242066,1812,90860,850
149420,950,359844978048,240116,1802,90696,852
148318,944,360258956300,238814,1796,90496,852
147080,936,360069557577,233432,1730,86352,794
145496,924,330481717720,234430,1760,88934,836
144122,914,330081293575,227960,1678,83838,764
142472,904,330142462496,229410,1718,86938,814
140826,890,330385976882,226748,1692,85922,802
139312,882,330374183705,223574,1664,84262,782
137736,872,330153315732,221698,1654,83962,782
136634,866,330104564822,220804,1654,84170,788
134848,854,330270216094,218718,1642,83870,788
133610,846,329872761543,212520,1564,78910,718
132372,838,330042966434,209178,1528,76806,690
130998,828,330380529163,212500,1590,81502,762
129352,814,330146150920,209974,1566,80622,752
128658,814,329925080242,210032,1580,81374,766
126872,802,329885890743,205634,1534,78762,732
125634,794,330068415530,203380,1514,77746,720
123642,776,300161898710,201794,1506,78152,730
122540,770,300155032462,199812,1490,77272,720
120618,756,300407280722,197590,1476,76972,720
119788,754,300168716083,193024,1422,73236,668
118760,748,300054879378,192884,1432,74124,684
116974,736,300355371233,189030,1394,72056,658
115736,728,300198243992,187728,1388,71992,660
114498,720,299975730691,182618,1326,68120,606
112712,708,300309924367,185564,1388,72852,680
111474,700,300195792181,181406,1340,69932,640
110236,692,300062870688,179288,1322,69052,630
108318,674,299907901534,174994,1272,66676,598
107624,674,300467846596,177092,1316,69468,642
106522,668,300337371986,175246,1302,68724,634
105148,658,300271508730,172720,1278,67572,620
103700,648,270016242341,170046,1254,66346,606
101914,636,269925314044,167144,1230,65230,594
100268,622,270319321906,164754,1208,64486,586
99438,620,270241619114,162228,1184,62790,564
97516,606,270329985839,160278,1174,62762,568
96624,602,270138873602,157554,1146,60930,544
94702,588,269936554600,155740,1138,61038,550
93056,574,270360927504,152534,1104,59478,530
91678,568,270254465412,151808,1112,60130,544
90576,562,270410635005,146018,1040,55442,478
88790,550,270038928030,147468,1080,58678,530
87004,538,270077577565,145110,1064,58106,526
85218,526,270109855871,141664,1032,56446,506
83844,516,270002687894,139682,1016,55838,500
82742,510,270146042637,137972,1004,55230,494
1224,18,245902944865,2448,36,1224,18
80886,494,240084046726,134210,964,53324,470
79920,490,240147397670,133316,964,53396,474
78682,482,239985009643,129022,914,50340,432
77444,474,240179962667,129488,934,52044,460
75868,464,240058553240,126524,908,50656,444
74630,456,240438955155,124814,896,50184,440
73392,448,240255523633,123240,886,49848,438
72018,438,240140166721,120714,862,48696,424
70368,428,239900030052,117676,836,47308,408
68038,408,240287243669,114910,814,46872,406
66660,402,239865153894,111600,784,44940,382
65014,388,240452465239,109074,760,44060,372
64184,386,240134008414,107908,756,43724,370
63082,380,240145993782,106062,742,42980,362
61844,372,240221562423,103400,716,41556,344
60124,358,210277940890,102086,712,41962,354
59022,352,210137899652,99560,688,40538,336
57784,344,210234245171,94994,634,37210,290
56546,336,210122078701,96276,666,39730,330
55308,328,210138996244,94294,650,38986,322
53732,318,210137243342,90786,616,37054,298
52494,310,210012812315,88260,592,35766,282
51256,302,210343838274,87366,592,36110,290
50018,294,209948279394,85520,578,35502,284
48232,282,210347954692,82346,550,34114,268
46994,274,210201912578,79004,514,32010,240
45208,262,210016760745,76782,500,31574,238
43970,254,209915069191,74936,486,30966,232
42732,246,210191067962,73770,482,31038,236
41494,238,210167710499,70428,446,28934,208
39910,226,180125376175,69386,446,29476,220
38672,218,180376752890,67132,426,28460,208
37434,210,180248230952,64742,404,27308,194
35648,198,180311128667,62112,384,26464,186
34620,192,180099330905,60204,368,25584,176
32834,180,180115766843,57846,352,25012,172
31048,168,180053525209,54400,320,23352,152
29810,160,180320663827,52690,308,22880,148
28436,150,180135186634,50980,296,22544,146
11906,38,180266085081,24126,78,12220,40
26786,140,180076678669,48078,272,21292,132
25548,132,179924944396,45824,252,20276,120
24310,124,180212252979,44250,242,19940,118
23072,116,180099712279,41996,222,18924,106
21834,108,180186603417,40014,206,18180,98
11906,38,180081280019,24126,78,12220,40
19702,92,150430899986,36692,178,16990,86
18328,82,150419122973,34846,164,16518,82
17090,74,150027537187,32864,148,15774,74
15852,66,150010314774,30882,132,15030,66
13662,44,149956648083,26462,90,12800,46
14164,56,150071459979,27942,108,13778,52
11572,34,149792886194,23714,72,12142,38
11152,30,90016144787,23022,64,11870,34
11288,32,89983930080,23158,66,11870,34
10658,26,15240178816,22392,58,11734,32
10658,26,9351023826,22392,58,11734,32
10658,26,4231935998,22392,58,11734,32
152,2,153513,440,6,288,4
152,2,152849,440,6,288,4
152,2,151205,440,6,288,4
1154,12,2961214,2456,26,1302,14
11094,30,2205319,23430,66,12336,36
152,2,197556,440,6,288,4
1018,10,3319152,2320,24,1302,14
11230,32,3129893,23566,68,12336,36
152,2,215986,440,6,288,4
152,2,156778,440,6,288,4
1154,12,708923,2314,24,1160,12
152,2,153013,440,6,288,4
152,2,157196,440,6,288,4
152,2,154504,440,6,288,4
1154,12,773408,2448,26,1294,14
10794,28,17345376546,22528,60,11734,32
11094,30,2544161,23470,66,12376,36
152,2,154659,440,6,288,4
152,2,146731,440,6,288,4
152,2,155335,440,6,288,4
152,2,153499,440,6,288,4
152,2,160505,440,6,288,4
152,2,155353,440,6,288,4
1154,12,2832349,2458,26,1304,14
11230,32,2052110,23572,68,12342,36
152,2,155761,440,6,288,4
152,2,154733,440,6,288,4
152,2,173220,440,6,288,4
152,2,149174,440,6,288,4
152,2,156913,440,6,288,4
152,2,155166,440,6,288,4
152,2,180830,440,6,288,4
152,2,154574,440,6,288,4
152,2,155809,440,6,288,4
152,2,154034,440,6,288,4
152,2,154623,440,6,288,4
152,2,149404,440,6,288,4
1154,12,2820177,2314,24,1160,12
11094,30,2108742,23418,66,12324,36
10658,26,11201864678,22392,58,11734,32
11230,32,2607593,23606,68,12376,36
152,2,149651,440,6,288,4
152,2,149555,440,6,288,4
152,2,170831,440,6,288,4
152,2,154575,440,6,288,4
152,2,152376,440,6,288,4
152,2,197223,440,6,288,4
1154,12,3030915,2456,26,1302,14
11230,32,2245237,23566,68,12336,36
152,2,155325,440,6,288,4
1154,12,2659113,2320,24,1166,12
11230,32,2445350,23566,68,12336,36
152,2,148792,440,6,288,4
152,2,198815,440,6,288,4
1154,12,757624,2450,26,1296,14
152,2,148694,440,6,288,4
152,2,148520,440,6,288,4
152,2,172174,440,6,288,4
1154,12,779530,2448,26,1294,14
152,2,159060,440,6,288,4
152,2,154770,440,6,288,4
152,2,176091,440,6,288,4
152,2,147883,440,6,288,4
152,2,153513,440,6,288,4
152,2,213594,440,6,288,4
1154,12,2752040,2322,24,1168,12
11230,32,2328955,23572,68,12342,36
152,2,168553,440,6,288,4
10794,28,5121810962,22528,60,11734,32
11094,30,2355006,23470,66,12376,36
152,2,156953,440,6,288,4
152,2,148475,440,6,288,4
152,2,157498,440,6,288,4
152,2,149756,440,6,288,4
152,2,158328,440,6,288,4
152,2,158333,440,6,288,4
152,2,150397,440,6,288,4
152,2,148970,440,6,288,4
152,2,153800,440,6,288,4
152,2,163030,440,6,288,4
152,2,155380,440,6,288,4
1154,12,2794050,2450,26,1296,14
11094,30,2026503,23418,66,12324,36
152,2,186421,440,6,288,4
152,2,154752,440,6,288,4
152,2,154959,440,6,288,4
152,2,153552,440,6,288,4
152,2,152243,440,6,288,4
152,2,148723,440,6,288,4
10868,28,29984090359,22466,58,11598,30
11094,30,2185732,23470,66,12376,36
4272,8,1079325467,5886,20,1614,12
8544,16,1079222061,11772,40,3228,24
2840,12,10533469,4006,24,1166,12
152,2,150838,440,6,288,4
1154,12,2650750,2320,24,1166,12
11094,30,2446465,23430,66,12336,36
1018,10,2953425,2320,24,1302,14
11230,32,2104122,23566,68,12336,36
152,2,231644,440,6,288,4
11094,30,2643645,25074,66,13980,36
152,2,203425,440,6,288,4
3624,8,1023903333,6267,21,2643,13
7248,16,1023926497,12534,42,5286,26
1154,12,821610,2450,26,1296,14
152,2,165897,440,6,288,4
1408,10,510862495,4452,22,3044,12
152,2,189435,440,6,288,4
152,2,149030,440,6,288,4
11230,32,2048972,23546,68,12316,36
3852,9,515689412,5578,22,1726,13
7704,18,515707323,11156,44,3452,26
1154,12,785660,2448,26,1294,14
1684,10,511356484,2938,22,1254,12
11230,32,2091171,23580,68,12350,36
152,2,151675,440,6,288,4
152,2,149920,440,6,288,4
152,2,201001,440,6,288,4
152,2,154789,440,6,288,4
152,2,153395,440,6,288,4
152,2,154952,440,6,288,4
1154,12,4262173,2322,24,1168,12
11094,30,4271793,23436,66,12342,36
152,2,180834,440,6,288,4
152,2,157217,440,6,288,4
10794,28,10365983770,22528,60,11734,32
11230,32,2489485,23606,68,12376,36
5003,8,1021039608,6697,21,1694,13
10006,16,1021070123,13394,42,3388,26
152,2,151925,440,6,288,4
152,2,200103,440,6,288,4
2704,10,508329846,3870,22,1166,12
152,2,152325,440,6,288,4
152,2,182323,440,6,288,4
11230,32,2232840,25210,68,13980,36
3624,8,1024347476,6267,21,2643,13
7248,16,1024378993,12534,42,5286,26
1408,10,513369022,4452,22,3044,12
11094,30,510431845,23410,66,12316,36
152,2,152738,440,6,288,4
3852,9,1021481107,5578,22,1726,13
7704,18,1021509847,11156,44,3452,26
152,2,167808,440,6,288,4
152,2,149981,440,6,288,4
1548,8,510992813,2802,20,1254,12
152,2,154865,440,6,288,4
11094,30,2666662,23444,66,12350,36
152,2,151153,440,6,288,4
152,2,153634,440,6,288,4
1154,12,2605063,2314,24,1160,12
11094,30,2425809,23418,66,12324,36
152,2,173277,440,6,288,4
152,2,160432,440,6,288,4
152,2,150302,440,6,288,4
152,2,165427,440,6,288,4
136,2,90862,272,4,136,2
152,2,155910,440,6,288,4
152,2,147128,440,6,288,4
10658,26,5250681950,22392,58,11734,32
11230,32,2459919,23606,68,12376,36
4272,8,1154620234,5886,20,1614,12
8544,16,1154641338,11772,40,3228,24
2840,12,934325235,4006,24,1166,12
152,2,179059,440,6,288,4
1154,12,5969612,2320,24,1166,12
11094,30,2768186,23428,66,12334,36
1018,10,521666103,2320,24,1302,14
11230,32,516642350,23566,68,12336,36
11230,32,514851830,25210,68,13980,36
152,2,153211,440,6,288,4
3624,8,1017211027,6267,21,2643,13
7248,16,1017265736,12534,42,5286,26
152,2,151646,440,6,288,4
1154,12,732805,2450,26,1296,14
152,2,148947,440,6,288,4
1408,10,505373963,4452,22,3044,12
152,2,157503,440,6,288,4
11094,30,2343494,23410,66,12316,36
152,2,152459,440,6,288,4
3852,9,1024218487,5578,22,1726,13
7704,18,1024243335,11156,44,3452,26
1548,8,513720278,2802,20,1254,12
1154,12,743714,2312,24,1158,12
11094,30,2595531,23444,66,12350,36
152,2,152396,440,6,288,4
152,2,165012,440,6,288,4
152,2,150548,440,6,288,4
152,2,151844,440,6,288,4
152,2,162351,440,6,288,4
152,2,153346,440,6,288,4
1154,12,2691355,2458,26,1304,14
11094,30,2464550,23436,66,12342,36
152,2,155360,440,6,288,4
152,2,167848,440,6,288,4
152,2,179055,440,6,288,4
10658,26,2824483,22120,54,11462,28
11094,30,2543052,23470,66,12376,36
152,2,148743,440,6,288,4
152,2,161780,440,6,288,4
152,2,147835,440,6,288,4
152,2,163886,440,6,288,4
152,2,151071,440,6,288,4
152,2,150980,440,6,288,4
152,2,155014,440,6,288,4
152,2,156826,440,6,288,4
152,2,150439,440,6,288,4
1154,12,2670029,2314,24,1160,12
11230,32,2458329,23554,68,12324,36
152,2,153178,440,6,288,4
152,2,150396,440,6,288,4
152,2,177425,440,6,288,4
152,2,153077,440,6,288,4
152,2,153366,440,6,288,4
152,2,175636,440,6,288,4
10794,28,12120293843,22528,60,11734,32
11230,32,2261940,23606,68,12376,36
152,2,157460,440,6,288,4
1154,12,3166231,2320,24,1166,12
11094,30,2977604,23430,66,12336,36
152,2,148158,440,6,288,4
1154,12,2664439,2320,24,1166,12
11094,30,1968256,23428,66,12334,36
152,2,164381,440,6,288,4
1154,12,784580,2450,26,1296,14
152,2,166673,440,6,288,4
152,2,174105,440,6,288,4
152,2,163016,440,6,288,4
1154,12,752340,2448,26,1294,14
152,2,162052,440,6,288,4
152,2,149009,440,6,288,4
152,2,164067,440,6,288,4
152,2,155277,440,6,288,4
152,2,147614,440,6,288,4
152,2,195925,440,6,288,4
1154,12,2738245,2322,24,1168,12
11230,32,2555556,23572,68,12342,36
152,2,158773,440,6,288,4
152,2,158560,440,6,288,4
152,2,149379,440,6,288,4
152,2,162034,440,6,288,4
152,2,155876,440,6,288,4
152,2,153840,440,6,288,4
10794,28,5924804359,22528,60,11734,32
11094,30,2728629,23470,66,12376,36
152,2,183735,440,6,288,4
152,2,150835,440,6,288,4
152,2,148772,440,6,288,4
152,2,207810,440,6,288,4
152,2,149603,440,6,288,4
152,2,196075,440,6,288,4
1154,12,2915269,2314,24,1160,12
11230,32,2211711,23554,68,12324,36
152,2,179980,440,6,288,4
152,2,149258,440,6,288,4
152,2,161609,440,6,288,4
152,2,160520,440,6,288,4
152,2,153847,440,6,288,4
152,2,153941,440,6,288,4
152,2,159045,440,6,288,4
1018,10,2992171,2320,24,1302,14
11230,32,2253418,23566,68,12336,36
152,2,150418,440,6,288,4
1018,10,2837810,2320,24,1302,14
11094,30,2134093,23430,66,12336,36
152,2,157767,440,6,288,4
1154,12,740128,2450,26,1296,14
152,2,150494,440,6,288,4
152,2,177234,440,6,288,4
152,2,156441,440,6,288,4
1154,12,759627,2448,26,1294,14
10522,24,1691013,21984,52,11462,28
11094,30,2497287,23470,66,12376,36
152,2,164120,440,6,288,4
152,2,147873,440,6,288,4
152,2,178669,440,6,288,4
152,2,172388,440,6,288,4
152,2,152039,440,6,288,4
152,2,160430,440,6,288,4
1018,10,2805843,2322,24,1304,14
11230,32,2622137,23572,68,12342,36
152,2,175493,440,6,288,4
152,2,157395,440,6,288,4
152,2,146579,440,6,288,4
152,2,181312,440,6,288,4
152,2,171443,440,6,288,4
152,2,178500,440,6,288,4
152,2,166945,440,6,288,4
152,2,154071,440,6,288,4
152,2,153021,440,6,288,4
152,2,184150,440,6,288,4
152,2,153967,440,6,288,4
152,2,196444,440,6,288,4
10658,26,4276855,22120,54,11462,28
11094,30,2643305,23470,66,12376,36
1018,10,507387800,2314,24,1296,14
11230,32,506673891,23554,68,12324,36
152,2,153669,440,6,288,4
152,2,151412,440,6,288,4
152,2,150902,440,6,288,4
3868326,23702,989314165337,6199012,47404,2330686,23702
92,1,31833,184,2,92,1
92,1,30025,184,2,92,1
92,1,33602,184,2,92,1
92,1,28585,184,2,92,1
107356,124,979296622881,116112,251,8756,127
468220,498,970081947585,2502612,1432,2034392,934
234110,249,970081915795,1251306,716,1017196,467
17313545,5139,970077992345,98701511,15523,81387966,10384
8154,84,960449761330,18892,206,10738,122
103866,1118,960447313935,293230,2236,189364,1118
8834,94,959940637001,18756,204,9922,110
374510,3976,960447868577,995276,7432,620766,3456
1135532,9648,973666875574,5292392,27256,4156860,17608
4352,64,952129559547,8704,128,4352,64
8970,96,959999772583,19300,212,10330,116
81030,866,960511576169,250890,1756,169860,890
4352,64,952415897873,8704,128,4352,64
7128,70,930015147235,18064,196,10936,126
3808,56,829503983546,7616,112,3808,56
22734,182,599995941468,59700,382,36966,200
19556,138,526139417117,46574,290,27018,152
73314,440,526102727668,112432,716,39118,276
102492,1358,510228302848,305000,2720,202508,1362
81140,1044,510186413597,256512,2100,175372,1056
244892,3450,510089626200,901872,8268,656980,4818
16942,94,510160285867,32500,162,15558,68
3068,42,522855703901,7030,86,3962,44
244548,1582,510153376420,373010,2756,128462,1174
242762,1570,510080292028,365892,2670,123130,1100
241524,1562,509947441367,367310,2704,125786,1142
240286,1554,510139172264,365192,2686,124906,1132
239122,1546,509951669312,365188,2698,126066,1152
237612,1534,510145412673,364838,2706,127226,1172
236238,1524,510150926142,361360,2668,125122,1144
235544,1524,509983434219,360738,2672,125194,1148
233758,1512,510204084367,357020,2636,123262,1124
231836,1498,510183265597,355886,2638,124050,1140
230388,1488,480231023377,354844,2638,124456,1150
228602,1476,480333446479,351398,2606,122796,1130
227154,1466,480337571880,347302,2560,120148,1094
225372,1450,480000073563,347088,2570,121716,1120
223722,1440,479892510608,344186,2546,120464,1106
222146,1430,480120802481,339590,2496,117444,1066
221316,1428,480005686082,339784,2512,118468,1084
219806,1416,480350526766,341066,2544,121260,1128
218432,1406,480539472952,340308,2546,121876,1140
217330,1400,480505671437,332206,2440,114876,1040
215956,1390,480096197343,334848,2492,118892,1102
215336,1390,480113998085,332260,2466,116924,1076
213006,1370,480160051608,328678,2432,115672,1062
211628,1364,480086674138,325096,2398,113468,1034
210390,1356,480157487420,323250,2384,112860,1028
209152,1348,480249492941,325212,2426,116060,1078
207704,1338,449959924751,321722,2390,114018,1052
206194,1326,449901052844,318788,2360,112594,1034
204062,1310,450262026428,317444,2360,113382,1050
202140,1296,450205817792,312230,2302,110090,1006
200898,1292,450177801081,313272,2336,112374,1044
199252,1278,450078697183,310338,2306,111086,1028
197540,1266,449981728871,308870,2302,111330,1036
196710,1264,450056955896,305800,2270,109090,1006
194924,1252,450318095148,305890,2290,110966,1038
193686,1244,450219125959,304588,2284,110902,1040
192448,1236,450429452783,300974,2244,108526,1008
191148,1226,450475615861,294306,2158,103158,932
190318,1224,450015960947,297356,2216,107038,992
189080,1216,450249330859,296870,2222,107790,1006
187430,1206,450230919638,292880,2182,105450,976
186056,1196,450139243051,289130,2140,103074,944
184472,1184,420194944615,291216,2186,106744,1002
182826,1170,420326567433,288554,2160,105728,990
181650,1164,420125215281,280922,2062,99272,898
180548,1158,420000917560,283564,2114,103016,956
178766,1142,420206511984,280766,2086,102000,944
177190,1132,420204634862,280930,2106,103740,974
175812,1126,420064225807,277212,2070,101400,944
174166,1112,420237192805,275366,2056,101200,944
172924,1108,420503587295,272736,2036,99812,928
170730,1090,420506063578,267794,1982,97064,892
169492,1082,420121943916,269484,2020,99992,938
168328,1074,419873600767,268256,2014,99928,940
167090,1066,419975338185,266818,2006,99728,940
166396,1066,420381018449,262796,1960,96400,894
164886,1054,420410015894,262038,1962,97152,908
163236,1044,420122916911,253016,1848,89780,804
161652,1032,390113619126,255102,1894,93450,862
160550,1026,390233332157,257336,1940,96786,914
158554,1012,390060818466,254224,1914,95670,902
156768,1000,390083454331,250098,1872,93330,872
155530,992,390053138967,249340,1874,93810,882
154156,982,390303609505,245454,1830,91298,848
152234,968,330025815602,244580,1838,92346,870
150860,958,330364857484,241510,1806,90650,848
149074,946,329834755166,239560,1796,90486,850
147972,940,330239100761,238122,1788,90150,848
146734,932,330051392744,232876,1724,86142,792
145496,924,330481717720,234430,1760,88934,836
144122,914,330081293575,227960,1678,83838,764
142472,904,330142462496,229410,1718,86938,814
140826,890,330385976882,226748,1692,85922,802
139312,882,330374183705,223574,1664,84262,782
137736,872,330153315732,221698,1654,83962,782
136634,866,330104564822,220804,1654,84170,788
134848,854,330270216094,218718,1642,83870,788
133610,846,329872761543,212520,1564,78910,718
132026,834,300042562712,208622,1522,76596,688
130652,824,300365122499,211808,1582,81156,758
129142,812,300130107268,209418,1560,80276,748
128312,810,299914859486,209340,1572,81028,762
126526,798,299873900541,205078,1528,78552,730
125288,790,300050244935,202688,1506,77400,716
123642,776,300161898710,201794,1506,78152,730
122540,770,300155032462,199812,1490,77272,720
120618,756,300407280722,197590,1476,76972,720
119788,754,300168716083,193024,1422,73236,668
118760,748,300054879378,192884,1432,74124,684
116974,736,300355371233,189030,1394,72056,658
115736,728,300198243992,187728,1388,71992,660
114498,720,299975730691,182618,1326,68120,606
112712,708,300309924367,185564,1388,72852,680
111474,700,300195792181,181406,1340,69932,640
109890,688,270046959459,178732,1316,68842,628
108108,672,269891940507,174438,1266,66330,594
107278,670,270456212565,176400,1308,69122,638
106176,664,270323658385,174554,1294,68378,630
104802,654,270255486361,172164,1272,67362,618
103700,648,270016242341,170046,1254,66346,606
101914,636,269925314044,167144,1230,65230,594
100268,622,270319321906,164754,1208,64486,586
99438,620,270241619114,162228,1184,62790,564
97516,606,270329985839,160278,1174,62762,568
96624,602,270138873602,157554,1146,60930,544
94702,588,269936554600,155740,1138,61038,550
93056,574,270360927504,152534,1104,59478,530
91678,568,270254465412,151808,1112,60130,544
90576,562,270410635005,146018,1040,55442,478
88444,546,240059293443,146912,1074,58468,528
86658,534,240065040721,144554,1058,57896,524
84872,522,240098206599,141108,1026,56236,504
83634,514,240493056125,139126,1010,55492,496
82396,506,240130744288,137416,998,55020,492
1224,18,245902944865,2448,36,1224,18
80886,494,240084046726,134210,964,53324,470
79920,490,240147397670,133316,964,53396,474
78682,482,239985009643,129022,914,50340,432
77444,474,240179962667,129488,934,52044,460
75868,464,240058553240,126524,908,50656,444
74630,456,240438955155,124814,896,50184,440
73392,448,240255523633,123240,886,49848,438
72018,438,240140166721,120714,862,48696,424
70368,428,239900030052,117676,836,47308,408
68038,408,240287243669,114910,814,46872,406
66314,398,209852066499,111044,778,44730,380
64804,386,210436458702,108518,754,43714,368
63838,382,210122524133,107352,750,43514,368
62736,376,210133337658,105370,734,42634,358
61498,368,210203371701,102844,710,41346,342
60124,358,210277940890,102086,712,41962,354
59022,352,210137899652,99560,688,40538,336
57784,344,210234245171,94994,634,37210,290
56546,336,210122078701,96276,666,39730,330
55308,328,210138996244,94294,650,38986,322
53732,318,210137243342,90786,616,37054,298
52494,310,210012812315,88260,592,35766,282
51256,302,210343838274,87366,592,36110,290
50018,294,209948279394,85520,578,35502,284
47886,278,179849013795,81790,544,33904,266
46648,270,180192713620,78448,508,31800,238
44862,258,180004122666,76226,494,31364,236
43624,250,179899104098,74380,480,30756,230
42386,242,180172498468,73078,474,30692,232
41148,234,180151683635,69872,440,28724,206
39910,226,180125376175,69386,446,29476,220
38672,218,180376752890,67132,426,28460,208
37434,210,180248230952,64742,404,27308,194
35648,198,180311128667,62112,384,26464,186
34620,192,180099330905,60204,368,25584,176
32834,180,180115766843,57846,352,25012,172
31048,168,180053525209,54400,320,23352,152
29810,160,180320663827,52690,308,22880,148
28436,150,180135186634,50980,296,22544,146
11906,38,180266085081,24126,78,12220,40
26786,140,180076678669,48078,272,21292,132
25202,128,149906803825,45268,246,20066,118
23964,120,150196362491,43694,236,19730,116
22726,112,150084505678,41440,216,18714,104
21488,104,150169722120,39458,200,17970,96
11572,34,150060957415,23656,72,12084,38
19702,92,150430899986,36692,178,16990,86
18328,82,150419122973,34846,164,16518,82
17090,74,150027537187,32864,148,15774,74
15852,66,150010314774,30882,132,15030,66
13662,44,149956648083,26462,90,12800,46
14164,56,150071459979,27942,108,13778,52
11572,34,149792886194,23714,72,12142,38
11152,30,90016144787,23022,64,11870,34
11078,30,59971290946,22812,62,11734,32
10658,26,15240178816,22392,58,11734,32
10658,26,9351023826,22392,58,11734,32
10658,26,4231935998,22392,58,11734,32
152,2,153513,440,6,288,4
152,2,152849,440,6,288,4
152,2,151205,440,6,288,4
1154,12,2961214,2456,26,1302,14
11094,30,2205319,23430,66,12336,36
152,2,197556,440,6,288,4
1018,10,3319152,2320,24,1302,14
11230,32,3129893,23566,68,12336,36
152,2,215986,440,6,288,4
152,2,156778,440,6,288,4
1154,12,708923,2314,24,1160,12
152,2,153013,440,6,288,4
152,2,157196,440,6,288,4
152,2,154504,440,6,288,4
1154,12,773408,2448,26,1294,14
10794,28,17345376546,22528,60,11734,32
11094,30,2544161,23470,66,12376,36
152,2,154659,440,6,288,4
152,2,146731,440,6,288,4
152,2,155335,440,6,288,4
152,2,153499,440,6,288,4
152,2,160505,440,6,288,4
152,2,155353,440,6,288,4
1154,12,2832349,2458,26,1304,14
11230,32,2052110,23572,68,12342,36
152,2,155761,440,6,288,4
152,2,154733,440,6,288,4
152,2,173220,440,6,288,4
152,2,149174,440,6,288,4
152,2,156913,440,6,288,4
152,2,155166,440,6,288,4
152,2,180830,440,6,288,4
152,2,154574,440,6,288,4
152,2,155809,440,6,288,4
152,2,154034,440,6,288,4
152,2,154623,440,6,288,4
152,2,149404,440,6,288,4
1154,12,2820177,2314,24,1160,12
11094,30,2108742,23418,66,12324,36
10658,26,11201864678,22392,58,11734,32
11230,32,2607593,23606,68,12376,36
152,2,149651,440,6,288,4
152,2,149555,440,6,288,4
152,2,170831,440,6,288,4
152,2,154575,440,6,288,4
152,2,152376,440,6,288,4
152,2,197223,440,6,288,4
1154,12,3030915,2456,26,1302,14
11230,32,2245237,23566,68,12336,36
152,2,155325,440,6,288,4
1154,12,2659113,2320,24,1166,12
11230,32,2445350,23566,68,12336,36
152,2,148792,440,6,288,4
152,2,198815,440,6,288,4
1154,12,757624,2450,26,1296,14
152,2,148694,440,6,288,4
152,2,148520,440,6,288,4
152,2,172174,440,6,288,4
1154,12,779530,2448,26,1294,14
152,2,159060,440,6,288,4
152,2,154770,440,6,288,4
152,2,176091,440,6,288,4
152,2,147883,440,6,288,4
152,2,153513,440,6,288,4
152,2,213594,440,6,288,4
1154,12,2752040,2322,24,1168,12
11230,32,2328955,23572,68,12342,36
152,2,168553,440,6,288,4
10794,28,5121810962,22528,60,11734,32
11094,30,2355006,23470,66,12376,36
152,2,156953,440,6,288,4
152,2,148475,440,6,288,4
152,2,157498,440,6,288,4
152,2,149756,440,6,288,4
152,2,158328,440,6,288,4
152,2,158333,440,6,288,4
152,2,150397,440,6,288,4
152,2,148970,440,6,288,4
152,2,153800,440,6,288,4
152,2,163030,440,6,288,4
152,2,155380,440,6,288,4
1154,12,2794050,2450,26,1296,14
11094,30,2026503,23418,66,12324,36
152,2,186421,440,6,288,4
152,2,154752,440,6,288,4
152,2,154959,440,6,288,4
152,2,153552,440,6,288,4
152,2,152243,440,6,288,4
152,2,148723,440,6,288,4
10658,26,4130285,22120,54,11462,28
11094,30,2185732,23470,66,12376,36
4272,8,1079325467,5886,20,1614,12
8544,16,1079222061,11772,40,3228,24
2840,12,10533469,4006,24,1166,12
152,2,150838,440,6,288,4
1154,12,2650750,2320,24,1166,12
11094,30,2446465,23430,66,12336,36
1018,10,2953425,2320,24,1302,14
11230,32,2104122,23566,68,12336,36
152,2,231644,440,6,288,4
11094,30,2643645,25074,66,13980,36
152,2,203425,440,6,288,4
3624,8,1023903333,6267,21,2643,13
7248,16,1023926497,12534,42,5286,26
1154,12,821610,2450,26,1296,14
152,2,165897,440,6,288,4
1408,10,510862495,4452,22,3044,12
152,2,189435,440,6,288,4
152,2,149030,440,6,288,4
11230,32,2048972,23546,68,12316,36
3852,9,515689412,5578,22,1726,13
7704,18,515707323,11156,44,3452,26
1154,12,785660,2448,26,1294,14
1684,10,511356484,2938,22,1254,12
11230,32,2091171,23580,68,12350,36
152,2,151675,440,6,288,4
152,2,149920,440,6,288,4
152,2,201001,440,6,288,4
152,2,154789,440,6,288,4
152,2,153395,440,6,288,4
152,2,154952,440,6,288,4
1154,12,4262173,2322,24,1168,12
11094,30,4271793,23436,66,12342,36
152,2,180834,440,6,288,4
152,2,157217,440,6,288,4
10794,28,10365983770,22528,60,11734,32
11230,32,2489485,23606,68,12376,36
5003,8,1021039608,6697,21,1694,13
10006,16,1021070123,13394,42,3388,26
152,2,151925,440,6,288,4
152,2,200103,440,6,288,4
2704,10,508329846,3870,22,1166,12
152,2,152325,440,6,288,4
152,2,182323,440,6,288,4
11230,32,2232840,25210,68,13980,36
3624,8,1024347476,6267,21,2643,13
7248,16,1024378993,12534,42,5286,26
1408,10,513369022,4452,22,3044,12
11094,30,510431845,23410,66,12316,36
152,2,152738,440,6,288,4
3852,9,1021481107,5578,22,1726,13
7704,18,1021509847,11156,44,3452,26
152,2,167808,440,6,288,4
152,2,149981,440,6,288,4
1548,8,510992813,2802,20,1254,12
152,2,154865,440,6,288,4
11094,30,2666662,23444,66,12350,36
152,2,151153,440,6,288,4
152,2,153634,440,6,288,4
1154,12,2605063,2314,24,1160,12
11094,30,2425809,23418,66,12324,36
152,2,173277,440,6,288,4
152,2,160432,440,6,288,4
152,2,150302,440,6,288,4
152,2,165427,440,6,288,4
136,2,90862,272,4,136,2
152,2,155910,440,6,288,4
152,2,147128,440,6,288,4
10658,26,5250681950,22392,58,11734,32
11230,32,2459919,23606,68,12376,36
4272,8,1154620234,5886,20,1614,12
8544,16,1154641338,11772,40,3228,24
2840,12,934325235,4006,24,1166,12
152,2,179059,440,6,288,4
1154,12,5969612,2320,24,1166,12
11094,30,2768186,23428,66,12334,36
1018,10,521666103,2320,24,1302,14
11230,32,516642350,23566,68,12336,36
11230,32,514851830,25210,68,13980,36
152,2,153211,440,6,288,4
3624,8,1017211027,6267,21,2643,13
7248,16,1017265736,12534,42,5286,26
152,2,151646,440,6,288,4
1154,12,732805,2450,26,1296,14
152,2,148947,440,6,288,4
1408,10,505373963,4452,22,3044,12
152,2,157503,440,6,288,4
11094,30,2343494,23410,66,12316,36
152,2,152459,440,6,288,4
3852,9,1024218487,5578,22,1726,13
7704,18,1024243335,11156,44,3452,26
1548,8,513720278,2802,20,1254,12
1154,12,743714,2312,24,1158,12
11094,30,2595531,23444,66,12350,36
152,2,152396,440,6,288,4
152,2,165012,440,6,288,4
152,2,150548,440,6,288,4
152,2,151844,440,6,288,4
152,2,162351,440,6,288,4
152,2,153346,440,6,288,4
1154,12,2691355,2458,26,1304,14
11094,30,2464550,23436,66,12342,36
152,2,155360,440,6,288,4
152,2,167848,440,6,288,4
152,2,179055,440,6,288,4
10658,26,2824483,22120,54,11462,28
11094,30,2543052,23470,66,12376,36
152,2,148743,440,6,288,4
152,2,161780,440,6,288,4
152,2,147835,440,6,288,4
152,2,163886,440,6,288,4
152,2,151071,440,6,288,4
152,2,150980,440,6,288,4
152,2,155014,440,6,288,4
152,2,156826,440,6,288,4
152,2,150439,440,6,288,4
1154,12,2670029,2314,24,1160,12
11230,32,2458329,23554,68,12324,36
152,2,153178,440,6,288,4
152,2,150396,440,6,288,4
152,2,177425,440,6,288,4
152,2,153077,440,6,288,4
152,2,153366,440,6,288,4
152,2,175636,440,6,288,4
10658,26,3603113,22120,54,11462,28
11230,32,2261940,23606,68,12376,36
152,2,157460,440,6,288,4
1154,12,3166231,2320,24,1166,12
11094,30,2977604,23430,66,12336,36
152,2,148158,440,6,288,4
1154,12,2664439,2320,24,1166,12
11094,30,1968256,23428,66,12334,36
152,2,164381,440,6,288,4
1154,12,784580,2450,26,1296,14
152,2,166673,440,6,288,4
152,2,174105,440,6,288,4
152,2,163016,440,6,288,4
1154,12,752340,2448,26,1294,14
152,2,162052,440,6,288,4
152,2,149009,440,6,288,4
152,2,164067,440,6,288,4
152,2,155277,440,6,288,4
152,2,147614,440,6,288,4
152,2,195925,440,6,288,4
1154,12,2738245,2322,24,1168,12
11230,32,2555556,23572,68,12342,36
152,2,158773,440,6,288,4
152,2,158560,440,6,288,4
152,2,149379,440,6,288,4
152,2,162034,440,6,288,4
152,2,155876,440,6,288,4
152,2,153840,440,6,288,4
10658,26,5335685,22120,54,11462,28
11094,30,2728629,23470,66,12376,36
152,2,183735,440,6,288,4
152,2,150835,440,6,288,4
152,2,148772,440,6,288,4
152,2,207810,440,6,288,4
152,2,149603,440,6,288,4
152,2,196075,440,6,288,4
1154,12,2915269,2314,24,1160,12
11230,32,2211711,23554,68,12324,36
152,2,179980,440,6,288,4
152,2,149258,440,6,288,4
152,2,161609,440,6,288,4
3829126,23462,979295905579,6136212,46924,2307086,23462
92,1,31833,184,2,92,1
92,1,30025,184,2,92,1
92,1,33602,184,2,92,1
92,1,28585,184,2,92,1
106988,123,960320536656,115676,249,8688,126
463980,494,960447653442,2478792,1420,2014812,926
231990,247,960447620328,1239396,710,1007406,463
17214631,5111,959921381355,98136466,15440,80921835,10329
8154,84,960449761330,18892,206,10738,122
103866,1118,960447313935,293230,2236,189364,1118
8834,94,959940637001,18756,204,9922,110
374510,3976,960447868577,995276,7432,620766,3456
1134116,9636,964032812968,5286474,27220,4152358,17584
4352,64,952129559547,8704,128,4352,64
8624,92,930015798647,18744,206,10120,114
80684,862,930527530765,250198,1748,169514,886
4216,62,921380415067,8432,124,4216,62
7128,70,930015147235,18064,196,10936,126
3808,56,829503983546,7616,112,3808,56
22734,182,599995941468,59700,382,36966,200
19012,130,510348462366,44896,274,25884,144
72046,432,514934024318,110692,704,38646,272
102492,1358,510228302848,305000,2720,202508,1362
81140,1044,510186413597,256512,2100,175372,1056
244892,3450,510089626200,901872,8268,656980,4818
16942,94,510160285867,32500,162,15558,68
2932,40,492359827029,6758,82,3826,42
244548,1582,510153376420,373010,2756,128462,1174
242762,1570,510080292028,365892,2670,123130,1100
241524,1562,509947441367,367310,2704,125786,1142
240286,1554,510139172264,365192,2686,124906,1132
238776,1542,479935698290,364632,2692,125856,1150
237266,1530,480160931576,364146,2698,126880,1168
236028,1522,480166950267,360804,2662,124776,1140
235198,1520,479999768243,360182,2666,124984,1146
233412,1508,480220094824,356464,2630,123052,1122
231490,1494,480199085510,355330,2632,123840,1138
230388,1488,480231023377,354844,2638,124456,1150
228602,1476,480333446479,351398,2606,122796,1130
227154,1466,480337571880,347302,2560,120148,1094
225372,1450,480000073563,347088,2570,121716,1120
223722,1440,479892510608,344186,2546,120464,1106
222146,1430,480120802481,339590,2496,117444,1066
221316,1428,480005686082,339784,2512,118468,1084
219806,1416,480350526766,341066,2544,121260,1128
218432,1406,480539472952,340308,2546,121876,1140
217330,1400,480505671437,332206,2440,114876,1040
215956,1390,480096197343,334848,2492,118892,1102
214990,1386,450097919989,331704,2460,116714,1074
212796,1368,450175917787,328122,2426,115326,1058
211282,1360,450102699321,324404,2390,113122,1030
210044,1352,450173683217,322694,2378,112650,1026
208806,1344,450265444132,324520,2418,115714,1074
207704,1338,449959924751,321722,2390,114018,1052
206194,1326,449901052844,318788,2360,112594,1034
204062,1310,450262026428,317444,2360,113382,1050
202140,1296,450205817792,312230,2302,110090,1006
200898,1292,450177801081,313272,2336,112374,1044
199252,1278,450078697183,310338,2306,111086,1028
197540,1266,449981728871,308870,2302,111330,1036
196710,1264,450056955896,305800,2270,109090,1006
194924,1252,450318095148,305890,2290,110966,1038
193686,1244,450219125959,304588,2284,110902,1040
192448,1236,450429452783,300974,2244,108526,1008
190802,1222,420491680397,293750,2152,102948,930
189972,1220,420031896079,296800,2210,106828,990
188734,1212,420265336345,296178,2214,107444,1002
187084,1202,420246938875,292188,2174,105104,972
185710,1192,420154996926,288438,2132,102728,940
184472,1184,420194944615,291216,2186,106744,1002
182826,1170,420326567433,288554,2160,105728,990
181650,1164,420125215281,280922,2062,99272,898
180548,1158,420000917560,283564,2114,103016,956
178766,1142,420206511984,280766,2086,102000,944
177190,1132,420204634862,280930,2106,103740,974
175812,1126,420064225807,277212,2070,101400,944
174166,1112,420237192805,275366,2056,101200,944
172924,1108,420503587295,272736,2036,99812,928
170730,1090,420506063578,267794,1982,97064,892
169492,1082,420121943916,269484,2020,99992,938
168118,1072,389857645070,267700,2008,99582,936
166880,1064,389991619815,266262,2000,99382,936
166050,1062,390397017162,262104,1952,96054,890
164540,1050,390426219249,261482,1956,96942,906
162890,1040,390139033787,252324,1840,89434,800
161652,1032,390113619126,255102,1894,93450,862
160550,1026,390233332157,257336,1940,96786,914
158554,1012,390060818466,254224,1914,95670,902
156768,1000,390083454331,250098,1872,93330,872
155530,992,390053138967,249340,1874,93810,882
154156,982,390303609505,245454,1830,91298,848
152234,968,330025815602,244580,1838,92346,870
150860,958,330364857484,241510,1806,90650,848
149074,946,329834755166,239560,1796,90486,850
147972,940,330239100761,238122,1788,90150,848
146734,932,330051392744,232876,1724,86142,792
145496,924,330481717720,234430,1760,88934,836
144122,914,330081293575,227960,1678,83838,764
142472,904,330142462496,229410,1718,86938,814
140826,890,330385976882,226748,1692,85922,802
139312,882,330374183705,223574,1664,84262,782
137390,868,300169076833,221142,1648,83752,780
136288,862,300120590179,220248,1648,83960,786
134502,850,300286230407,218162,1636,83660,786
133264,842,299888743527,211964,1558,78700,716
132026,834,300042562712,208622,1522,76596,688
130652,824,300365122499,211808,1582,81156,758
129142,812,300130107268,209418,1560,80276,748
128312,810,299914859486,209340,1572,81028,762
126526,798,299873900541,205078,1528,78552,730
125288,790,300050244935,202688,1506,77400,716
123642,776,300161898710,201794,1506,78152,730
122540,770,300155032462,199812,1490,77272,720
120618,756,300407280722,197590,1476,76972,720
119788,754,300168716083,193024,1422,73236,668
118414,744,270038828130,192192,1424,73778,680
116628,732,270371125912,188338,1386,71710,654
115390,724,270214269301,187036,1380,71646,656
114152,716,269992061702,182062,1320,67910,604
112366,704,270325787096,185008,1382,72642,678
111128,696,270211601438,180850,1334,69722,638
109890,688,270046959459,178732,1316,68842,628
108108,672,269891940507,174438,1266,66330,594
107278,670,270456212565,176400,1308,69122,638
106176,664,270323658385,174554,1294,68378,630
104802,654,270255486361,172164,1272,67362,618
103700,648,270016242341,170046,1254,66346,606
101914,636,269925314044,167144,1230,65230,594
100268,622,270319321906,164754,1208,64486,586
99438,620,270241619114,162228,1184,62790,564
97516,606,270329985839,160278,1174,62762,568
96278,598,240154565114,156998,1140,60720,542
94356,584,239952579849,155184,1132,60828,548
92846,572,240376915243,151978,1098,59132,526
91332,564,240270338603,151252,1106,59920,542
90230,558,240426650991,145326,1032,55096,474
88444,546,240059293443,146912,1074,58468,528
86658,534,240065040721,144554,1058,57896,524
84872,522,240098206599,141108,1026,56236,504
83634,514,240493056125,139126,1010,55492,496
82396,506,240130744288,137416,998,55020,492
1224,18,245902944865,2448,36,1224,18
80886,494,240084046726,134210,964,53324,470
79920,490,240147397670,133316,964,53396,474
78682,482,239985009643,129022,914,50340,432
77444,474,240179962667,129488,934,52044,460
75522,460,210043401513,125968,902,50446,442
74284,452,210454708547,124122,888,49838,436
73046,444,210271554558,122548,878,49502,434
71672,434,210158481534,120158,856,48486,422
70022,424,209911264964,117120,830,47098,406
67828,406,210303622700,114354,808,46526,402
66314,398,209852066499,111044,778,44730,380
64804,386,210436458702,108518,754,43714,368
63838,382,210122524133,107352,750,43514,368
62736,376,210133337658,105370,734,42634,358
61498,368,210203371701,102844,710,41346,342
60124,358,210277940890,102086,712,41962,354
59022,352,210137899652,99560,688,40538,336
57784,344,210234245171,94994,634,37210,290
56546,336,210122078701,96276,666,39730,330
55308,328,210138996244,94294,650,38986,322
53386,314,180153152714,90230,610,36844,296
52148,306,180028921251,87704,586,35556,280
50910,298,180359858787,86810,586,35900,288
49672,290,179964025752,84964,572,35292,282
47886,278,179849013795,81790,544,33904,266
46648,270,180192713620,78448,508,31800,238
44862,258,180004122666,76226,494,31364,236
43624,250,179899104098,74380,480,30756,230
42386,242,180172498468,73078,474,30692,232
41148,234,180151683635,69872,440,28724,206
39910,226,180125376175,69386,446,29476,220
38672,218,180376752890,67132,426,28460,208
37434,210,180248230952,64742,404,27308,194
35648,198,180311128667,62112,384,26464,186
34274,188,150083251032,59648,362,25374,174
32488,176,150131507460,57290,346,24802,170
30702,164,150069580658,53844,314,23142,150
29464,156,150336659652,52134,302,22670,146
28090,146,150151388490,50424,290,22334,144
11572,34,150281843243,23656,72,12084,38
26440,136,150095661139,47522,266,21082,130
25202,128,149906803825,45268,246,20066,118
23964,120,150196362491,43694,236,19730,116
22726,112,150084505678,41440,216,18714,104
21488,104,150169722120,39458,200,17970,96
11572,34,150060957415,23656,72,12084,38
19702,92,150430899986,36692,178,16990,86
18328,82,150419122973,34846,164,16518,82
17090,74,150027537187,32864,148,15774,74
15852,66,150010314774,30882,132,15030,66
13662,44,149956648083,26462,90,12800,46
14164,56,150071459979,27942,108,13778,52
11362,32,119814068166,23368,68,12006,36
11152,30,90016144787,23022,64,11870,34
11078,30,59971290946,22812,62,11734,32
10658,26,15240178816,22392,58,11734,32
10658,26,9351023826,22392,58,11734,32
10658,26,4231935998,22392,58,11734,32
152,2,153513,440,6,288,4
152,2,152849,440,6,288,4
152,2,151205,440,6,288,4
1154,12,2961214,2456,26,1302,14
11094,30,2205319,23430,66,12336,36
152,2,197556,440,6,288,4
1018,10,3319152,2320,24,1302,14
11230,32,3129893,23566,68,12336,36
152,2,215986,440,6,288,4
152,2,156778,440,6,288,4
1154,12,708923,2314,24,1160,12
152,2,153013,440,6,288,4
152,2,157196,440,6,288,4
152,2,154504,440,6,288,4
1154,12,773408,2448,26,1294,14
10794,28,17345376546,22528,60,11734,32
11094,30,2544161,23470,66,12376,36
152,2,154659,440,6,288,4
152,2,146731,440,6,288,4
152,2,155335,440,6,288,4
152,2,153499,440,6,288,4
152,2,160505,440,6,288,4
152,2,155353,440,6,288,4
1154,12,2832349,2458,26,1304,14
11230,32,2052110,23572,68,12342,36
152,2,155761,440,6,288,4
152,2,154733,440,6,288,4
152,2,173220,440,6,288,4
152,2,149174,440,6,288,4
152,2,156913,440,6,288,4
152,2,155166,440,6,288,4
152,2,180830,440,6,288,4
152,2,154574,440,6,288,4
152,2,155809,440,6,288,4
152,2,154034,440,6,288,4
152,2,154623,440,6,288,4
152,2,149404,440,6,288,4
1154,12,2820177,2314,24,1160,12
11094,30,2108742,23418,66,12324,36
10658,26,11201864678,22392,58,11734,32
11230,32,2607593,23606,68,12376,36
152,2,149651,440,6,288,4
152,2,149555,440,6,288,4
152,2,170831,440,6,288,4
152,2,154575,440,6,288,4
152,2,152376,440,6,288,4
152,2,197223,440,6,288,4
1154,12,3030915,2456,26,1302,14
11230,32,2245237,23566,68,12336,36
152,2,155325,440,6,288,4
1154,12,2659113,2320,24,1166,12
11230,32,2445350,23566,68,12336,36
152,2,148792,440,6,288,4
152,2,198815,440,6,288,4
1154,12,757624,2450,26,1296,14
152,2,148694,440,6,288,4
152,2,148520,440,6,288,4
152,2,172174,440,6,288,4
1154,12,779530,2448,26,1294,14
152,2,159060,440,6,288,4
152,2,154770,440,6,288,4
152,2,176091,440,6,288,4
152,2,147883,440,6,288,4
152,2,153513,440,6,288,4
152,2,213594,440,6,288,4
1154,12,2752040,2322,24,1168,12
11230,32,2328955,23572,68,12342,36
152,2,168553,440,6,288,4
10794,28,5121810962,22528,60,11734,32
11094,30,2355006,23470,66,12376,36
152,2,156953,440,6,288,4
152,2,148475,440,6,288,4
152,2,157498,440,6,288,4
152,2,149756,440,6,288,4
152,2,158328,440,6,288,4
152,2,158333,440,6,288,4
152,2,150397,440,6,288,4
152,2,148970,440,6,288,4
152,2,153800,440,6,288,4
152,2,163030,440,6,288,4
152,2,155380,440,6,288,4
1154,12,2794050,2450,26,1296,14
11094,30,2026503,23418,66,12324,36
152,2,186421,440,6,288,4
152,2,154752,440,6,288,4
152,2,154959,440,6,288,4
152,2,153552,440,6,288,4
152,2,152243,440,6,288,4
152,2,148723,440,6,288,4
10658,26,4130285,22120,54,11462,28
11094,30,2185732,23470,66,12376,36
4272,8,1079325467,5886,20,1614,12
8544,16,1079222061,11772,40,3228,24
2840,12,10533469,4006,24,1166,12
152,2,150838,440,6,288,4
1154,12,2650750,2320,24,1166,12
11094,30,2446465,23430,66,12336,36
1018,10,2953425,2320,24,1302,14
11230,32,2104122,23566,68,12336,36
152,2,231644,440,6,288,4
11094,30,2643645,25074,66,13980,36
152,2,203425,440,6,288,4
3624,8,1023903333,6267,21,2643,13
7248,16,1023926497,12534,42,5286,26
1154,12,821610,2450,26,1296,14
152,2,165897,440,6,288,4
1408,10,510862495,4452,22,3044,12
152,2,189435,440,6,288,4
152,2,149030,440,6,288,4
11230,32,2048972,23546,68,12316,36
3852,9,515689412,5578,22,1726,13
7704,18,515707323,11156,44,3452,26
1154,12,785660,2448,26,1294,14
1684,10,511356484,2938,22,1254,12
11230,32,2091171,23580,68,12350,36
152,2,151675,440,6,288,4
152,2,149920,440,6,288,4
152,2,201001,440,6,288,4
152,2,154789,440,6,288,4
152,2,153395,440,6,288,4
152,2,154952,440,6,288,4
1154,12,4262173,2322,24,1168,12
11094,30,4271793,23436,66,12342,36
152,2,180834,440,6,288,4
152,2,157217,440,6,288,4
10794,28,10365983770,22528,60,11734,32
11230,32,2489485,23606,68,12376,36
5003,8,1021039608,6697,21,1694,13
10006,16,1021070123,13394,42,3388,26
152,2,151925,440,6,288,4
152,2,200103,440,6,288,4
2704,10,508329846,3870,22,1166,12
152,2,152325,440,6,288,4
152,2,182323,440,6,288,4
11230,32,2232840,25210,68,13980,36
3624,8,1024347476,6267,21,2643,13
7248,16,1024378993,12534,42,5286,26
1408,10,513369022,4452,22,3044,12
11094,30,510431845,23410,66,12316,36
152,2,152738,440,6,288,4
3852,9,1021481107,5578,22,1726,13
7704,18,1021509847,11156,44,3452,26
152,2,167808,440,6,288,4
152,2,149981,440,6,288,4
1548,8,510992813,2802,20,1254,12
152,2,154865,440,6,288,4
11094,30,2666662,23444,66,12350,36
152,2,151153,440,6,288,4
152,2,153634,440,6,288,4
1154,12,2605063,2314,24,1160,12
11094,30,2425809,23418,66,12324,36
152,2,173277,440,6,288,4
152,2,160432,440,6,288,4
152,2,150302,440,6,288,4
152,2,165427,440,6,288,4
136,2,90862,272,4,136,2
152,2,155910,440,6,288,4
152,2,147128,440,6,288,4
10658,26,5250681950,22392,58,11734,32
11230,32,2459919,23606,68,12376,36
4272,8,1154620234,5886,20,1614,12
8544,16,1154641338,11772,40,3228,24
2840,12,934325235,4006,24,1166,12
152,2,179059,440,6,288,4
1154,12,5969612,2320,24,1166,12
11094,30,2768186,23428,66,12334,36
1018,10,521666103,2320,24,1302,14
11230,32,516642350,23566,68,12336,36
11230,32,514851830,25210,68,13980,36
152,2,153211,440,6,288,4
3624,8,1017211027,6267,21,2643,13
7248,16,1017265736,12534,42,5286,26
152,2,151646,440,6,288,4
1154,12,732805,2450,26,1296,14
152,2,148947,440,6,288,4
1408,10,505373963,4452,22,3044,12
152,2,157503,440,6,288,4
11094,30,2343494,23410,66,12316,36
152,2,152459,440,6,288,4
3852,9,1024218487,5578,22,1726,13
7704,18,1024243335,11156,44,3452,26
1548,8,513720278,2802,20,1254,12
1154,12,743714,2312,24,1158,12
11094,30,2595531,23444,66,12350,36
152,2,152396,440,6,288,4
152,2,165012,440,6,288,4
152,2,150548,440,6,288,4
152,2,151844,440,6,288,4
152,2,162351,440,6,288,4
152,2,153346,440,6,288,4
1154,12,2691355,2458,26,1304,14
11094,30,2464550,23436,66,12342,36
152,2,155360,440,6,288,4
152,2,167848,440,6,288,4
152,2,179055,440,6,288,4
10658,26,2824483,22120,54,11462,28
11094,30,2543052,23470,66,12376,36
152,2,148743,440,6,288,4
152,2,161780,440,6,288,4
152,2,147835,440,6,288,4
152,2,163886,440,6,288,4
152,2,151071,440,6,288,4
152,2,150980,440,6,288,4
152,2,155014,440,6,288,4
152,2,156826,440,6,288,4
152,2,150439,440,6,288,4
1154,12,2670029,2314,24,1160,12
11230,32,2458329,23554,68,12324,36
152,2,153178,440,6,288,4
152,2,150396,440,6,288,4
3789926,23222,969154534917,6073412,46444,2283486,23222
92,1,31833,184,2,92,1
92,1,30025,184,2,92,1
92,1,33602,184,2,92,1
104668,121,949312758148,113220,245,8552,124
459282,490,950087675774,2452920,1408,1993638,918
229641,245,950087642653,1226460,704,996819,459
17098212,5086,950077485681,97469407,15349,80371195,10263
7944,82,930428921392,18336,200,10392,118
103520,1114,930431341134,292538,2228,189018,1114
8488,90,930431349041,18200,198,9712,108
374164,3972,930431945814,994584,7424,620420,3452
1131992,9618,953667041055,5275978,27166,4143986,17548
4352,64,952129559547,8704,128,4352,64
4216,62,921600265484,8432,124,4216,62
8624,92,930015798647,18744,206,10120,114
80684,862,930527530765,250198,1748,169514,886
4216,62,921380415067,8432,124,4216,62
7128,70,930015147235,18064,196,10936,126
3808,56,829503983546,7616,112,3808,56
22734,182,599995941468,59700,382,36966,200
18802,128,480348163445,44550,270,25748,142
70642,422,504569924982,108606,688,37964,266
102282,1356,480228695701,304654,2716,202372,1360
80930,1042,480188069502,256166,2096,175236,1054
244682,3448,480094208991,901526,8264,656844,4816
16596,90,480139075618,31944,156,15348,66
2932,40,492359827029,6758,82,3826,42
244202,1578,480132395465,372318,2748,128116,1170
242416,1566,480065116618,365336,2664,122920,1098
241178,1558,479928654669,366754,2698,125576,1140
239940,1550,480123207255,364636,2680,124696,1130
238776,1542,479935698290,364632,2692,125856,1150
237266,1530,480160931576,364146,2698,126880,1168
236028,1522,480166950267,360804,2662,124776,1140
235198,1520,479999768243,360182,2666,124984,1146
233412,1508,480220094824,356464,2630,123052,1122
231490,1494,480199085510,355330,2632,123840,1138
230388,1488,480231023377,354844,2638,124456,1150
228602,1476,480333446479,351398,2606,122796,1130
227154,1466,480337571880,347302,2560,120148,1094
225372,1450,480000073563,347088,2570,121716,1120
223722,1440,479892510608,344186,2546,120464,1106
221936,1428,450104554457,339034,2490,117098,1062
220970,1424,449984742928,339092,2504,118122,1080
219460,1412,450334609829,340374,2536,120914,1124
218222,1404,450523607095,339752,2540,121530,1136
216984,1396,450489515687,331514,2432,114530,1036
215746,1388,450084150082,334292,2486,118546,1098
214990,1386,450097919989,331704,2460,116714,1074
212796,1368,450175917787,328122,2426,115326,1058
211282,1360,450102699321,324404,2390,113122,1030
210044,1352,450173683217,322694,2378,112650,1026
208806,1344,450265444132,324520,2418,115714,1074
207704,1338,449959924751,321722,2390,114018,1052
206194,1326,449901052844,318788,2360,112594,1034
204062,1310,450262026428,317444,2360,113382,1050
202140,1296,450205817792,312230,2302,110090,1006
200898,1292,450177801081,313272,2336,112374,1044
199252,1278,450078697183,310338,2306,111086,1028
197330,1264,419963646644,308314,2296,110984,1032
196364,1260,420040448940,305244,2264,108880,1004
194578,1248,420302258498,305198,2282,110620,1034
193340,1240,420203180311,303896,2276,110556,1036
192102,1232,420413554267,300282,2236,108180,1004
190802,1222,420491680397,293750,2152,102948,930
189972,1220,420031896079,296800,2210,106828,990
188734,1212,420265336345,296178,2214,107444,1002
187084,1202,420246938875,292188,2174,105104,972
185710,1192,420154996926,288438,2132,102728,940
184472,1184,420194944615,291216,2186,106744,1002
182826,1170,420326567433,288554,2160,105728,990
181650,1164,420125215281,280922,2062,99272,898
180548,1158,420000917560,283564,2114,103016,956
178766,1142,420206511984,280766,2086,102000,944
176980,1130,390188642628,280374,2100,103394,970
175602,1124,390549728532,276656,2064,101054,940
173956,1110,390221268068,274810,2050,100854,940
172578,1104,390487609005,272044,2028,99466,924
170520,1088,390490246536,267238,1976,96718,888
169282,1080,390110044550,268928,2014,99646,934
168118,1072,389857645070,267700,2008,99582,936
166880,1064,389991619815,266262,2000,99382,936
166050,1062,390397017162,262104,1952,96054,890
164540,1050,390426219249,261482,1956,96942,906
162890,1040,390139033787,252324,1840,89434,800
161652,1032,390113619126,255102,1894,93450,862
160550,1026,390233332157,257336,1940,96786,914
158554,1012,390060818466,254224,1914,95670,902
156768,1000,390083454331,250098,1872,93330,872
155530,992,390053138967,249340,1874,93810,882
154156,982,390303609505,245454,1830,91298,848
152234,968,330025815602,244580,1838,92346,870
150860,958,330364857484,241510,1806,90650,848
149074,946,329834755166,239560,1796,90486,850
147972,940,330239100761,238122,1788,90150,848
146734,932,330051392744,232876,1724,86142,792
145150,920,300460945451,233738,1752,88588,832
143776,910,300065939860,227268,1670,83492,760
142126,900,300123344227,228718,1710,86592,810
140616,888,300370052787,226192,1686,85576,798
138966,878,300362345490,223018,1658,84052,780
137390,868,300169076833,221142,1648,83752,780
136288,862,300120590179,220248,1648,83960,786
134502,850,300286230407,218162,1636,83660,786
133264,842,299888743527,211964,1558,78700,716
132026,834,300042562712,208622,1522,76596,688
130652,824,300365122499,211808,1582,81156,758
129142,812,300130107268,209418,1560,80276,748
128312,810,299914859486,209340,1572,81028,762
126526,798,299873900541,205078,1528,78552,730
125288,790,300050244935,202688,1506,77400,716
123432,774,270146723702,201238,1500,77806,726
122194,766,270135795258,199120,1482,76926,716
120408,754,270391369623,197034,1470,76626,716
119442,750,270156871245,192468,1416,73026,666
118414,744,270038828130,192192,1424,73778,680
116628,732,270371125912,188338,1386,71710,654
115390,724,270214269301,187036,1380,71646,656
114152,716,269992061702,182062,1320,67910,604
112366,704,270325787096,185008,1382,72642,678
111128,696,270211601438,180850,1334,69722,638
109890,688,270046959459,178732,1316,68842,628
108108,672,269891940507,174438,1266,66330,594
107278,670,270456212565,176400,1308,69122,638
106176,664,270323658385,174554,1294,68378,630
104802,654,270255486361,172164,1272,67362,618
103354,644,239996018075,169354,1246,66000,602
101568,632,239906620279,166588,1224,65020,592
100058,620,240303106190,164198,1202,64140,582
99092,616,240222008455,161536,1176,62444,560
97170,602,240314135759,159722,1168,62552,566
96278,598,240154565114,156998,1140,60720,542
94356,584,239952579849,155184,1132,60828,548
92846,572,240376915243,151978,1098,59132,526
91332,564,240270338603,151252,1106,59920,542
90230,558,240426650991,145326,1032,55096,474
88444,546,240059293443,146912,1074,58468,528
86658,534,240065040721,144554,1058,57896,524
84872,522,240098206599,141108,1026,56236,504
83634,514,240493056125,139126,1010,55492,496
82396,506,240130744288,137416,998,55020,492
1088,16,214863944359,2176,32,1088,16
80540,490,210065776879,133518,956,52978,466
79574,486,210131087131,132760,958,53186,472
78336,478,209964491270,128466,908,50130,430
77098,470,210164365624,128932,928,51834,458
75522,460,210043401513,125968,902,50446,442
74284,452,210454708547,124122,888,49838,436
73046,444,210271554558,122548,878,49502,434
71672,434,210158481534,120158,856,48486,422
70022,424,209911264964,117120,830,47098,406
67828,406,210303622700,114354,808,46526,402
66314,398,209852066499,111044,778,44730,380
64804,386,210436458702,108518,754,43714,368
63838,382,210122524133,107352,750,43514,368
62736,376,210133337658,105370,734,42634,358
61498,368,210203371701,102844,710,41346,342
59778,354,180278352114,101530,706,41752,352
58676,348,180121450403,99004,682,40328,334
57438,340,180218263501,94438,628,37000,288
56200,332,180106936900,95584,658,39384,326
54962,324,180122855848,93602,642,38640,318
53386,314,180153152714,90230,610,36844,296
52148,306,180028921251,87704,586,35556,280
50910,298,180359858787,86810,586,35900,288
49672,290,179964025752,84964,572,35292,282
47886,278,179849013795,81790,544,33904,266
46648,270,180192713620,78448,508,31800,238
44862,258,180004122666,76226,494,31364,236
43624,250,179899104098,74380,480,30756,230
42386,242,180172498468,73078,474,30692,232
41148,234,180151683635,69872,440,28724,206
39564,222,150109406332,68830,440,29266,218
38326,214,150360892526,66576,420,28250,206
37088,206,150232280557,64186,398,27098,192
35302,194,150294980318,61556,378,26254,184
34274,188,150083251032,59648,362,25374,174
32488,176,150131507460,57290,346,24802,170
30702,164,150069580658,53844,314,23142,150
29464,156,150336659652,52134,302,22670,146
28090,146,150151388490,50424,290,22334,144
11572,34,150281843243,23656,72,12084,38
26440,136,150095661139,47522,266,21082,130
25202,128,149906803825,45268,246,20066,118
23964,120,150196362491,43694,236,19730,116
22726,112,150084505678,41440,216,18714,104
21488,104,150169722120,39458,200,17970,96
11572,34,150060957415,23656,72,12084,38
19356,88,120414795799,36136,172,16780,84
17982,78,120398273110,34290,158,16308,80
16744,70,120012187025,32308,142,15564,72
15506,62,119994340940,30326,126,14820,64
13452,42,120454398346,26116,86,12664,44
13818,52,120055321705,27386,102,13568,50
11362,32,119814068166,23368,68,12006,36
10942,28,60004143541,22676,60,11734,32
11078,30,59971290946,22812,62,11734,32
10794,28,12804611701,22528,60,11734,32
152,2,156248,440,6,288,4
152,2,154091,440,6,288,4
152,2,152335,440,6,288,4
1154,12,3423214,2320,24,1166,12
11230,32,2488760,23566,68,12336,36
1154,12,2922528,2456,26,1302,14
11230,32,2143181,23566,68,12336,36
152,2,163854,440,6,288,4
152,2,158030,440,6,288,4
152,2,154561,440,6,288,4
1154,12,682915,2314,24,1160,12
152,2,148022,440,6,288,4
152,2,165475,440,6,288,4
152,2,151390,440,6,288,4
1154,12,751050,2448,26,1294,14
152,2,173933,440,6,288,4
152,2,152778,440,6,288,4
152,2,154287,440,6,288,4
152,2,157163,440,6,288,4
152,2,160279,440,6,288,4
152,2,155380,440,6,288,4
1154,12,2795215,2458,26,1304,14
11230,32,2801530,23572,68,12342,36
10794,28,6565065525,22528,60,11734,32
11230,32,2449653,23606,68,12376,36
152,2,155679,440,6,288,4
152,2,150696,440,6,288,4
152,2,155393,440,6,288,4
152,2,152931,440,6,288,4
152,2,177130,440,6,288,4
152,2,157252,440,6,288,4
152,2,192602,440,6,288,4
152,2,151350,440,6,288,4
152,2,159440,440,6,288,4
152,2,152571,440,6,288,4
152,2,152331,440,6,288,4
152,2,177184,440,6,288,4
1018,10,3497735,2314,24,1296,14
11230,32,3077809,23554,68,12324,36
152,2,175798,440,6,288,4
152,2,151918,440,6,288,4
152,2,146752,440,6,288,4
10658,26,1445258562,22392,58,11734,32
11230,32,3047264,23606,68,12376,36
152,2,149121,440,6,288,4
152,2,151956,440,6,288,4
152,2,170977,440,6,288,4
1154,12,2757124,2320,24,1166,12
11230,32,2052484,23566,68,12336,36
1154,12,3741896,2456,26,1302,14
11230,32,2981065,23566,68,12336,36
152,2,151263,440,6,288,4
152,2,151663,440,6,288,4
152,2,161697,440,6,288,4
1154,12,800348,2450,26,1296,14
152,2,163284,440,6,288,4
152,2,160292,440,6,288,4
152,2,166501,440,6,288,4
1154,12,787965,2448,26,1294,14
152,2,169942,440,6,288,4
152,2,153650,440,6,288,4
152,2,198936,440,6,288,4
152,2,149324,440,6,288,4
152,2,151491,440,6,288,4
152,2,180140,440,6,288,4
1154,12,2756531,2458,26,1304,14
11230,32,2552306,23572,68,12342,36
152,2,172268,440,6,288,4
152,2,150066,440,6,288,4
152,2,159691,440,6,288,4
152,2,157940,440,6,288,4
10658,26,15240178816,22392,58,11734,32
11230,32,2478118,23606,68,12376,36
152,2,149567,440,6,288,4
152,2,174125,440,6,288,4
152,2,172809,440,6,288,4
152,2,152607,440,6,288,4
152,2,148555,440,6,288,4
152,2,160910,440,6,288,4
152,2,151609,440,6,288,4
152,2,152382,440,6,288,4
1154,12,3154514,2314,24,1160,12
11230,32,2123607,23554,68,12324,36
152,2,183055,440,6,288,4
152,2,152481,440,6,288,4
152,2,158887,440,6,288,4
152,2,165115,440,6,288,4
152,2,152436,440,6,288,4
152,2,157131,440,6,288,4
1154,12,2842130,2456,26,1302,14
11230,32,2069689,23566,68,12336,36
1154,12,3022213,2456,26,1302,14
11230,32,2209041,23566,68,12336,36
152,2,154144,440,6,288,4
152,2,149740,440,6,288,4
152,2,180065,440,6,288,4
1154,12,770480,2450,26,1296,14
152,2,149109,440,6,288,4
10658,26,9351023826,22392,58,11734,32
11094,30,2805672,23470,66,12376,36
152,2,183120,440,6,288,4
152,2,154118,440,6,288,4
1154,12,759940,2448,26,1294,14
152,2,182016,440,6,288,4
152,2,157337,440,6,288,4
152,2,171888,440,6,288,4
152,2,155288,440,6,288,4
152,2,151354,440,6,288,4
152,2,153031,440,6,288,4
1154,12,2822546,2458,26,1304,14
11230,32,2046849,23572,68,12342,36
152,2,186279,440,6,288,4
152,2,154358,440,6,288,4
152,2,152024,440,6,288,4
152,2,154183,440,6,288,4
152,2,153977,440,6,288,4
152,2,162289,440,6,288,4
10658,26,4231935998,22392,58,11734,32
11230,32,2313342,23606,68,12376,36
152,2,166206,440,6,288,4
152,2,150696,440,6,288,4
152,2,150677,440,6,288,4
152,2,163648,440,6,288,4
152,2,147718,440,6,288,4
152,2,188437,440,6,288,4
1154,12,3110462,2450,26,1296,14
11230,32,2933331,23554,68,12324,36
152,2,168158,440,6,288,4
152,2,151110,440,6,288,4
152,2,150908,440,6,288,4
152,2,153513,440,6,288,4
152,2,152849,440,6,288,4
152,2,151205,440,6,288,4
1154,12,2961214,2456,26,1302,14
11094,30,2205319,23430,66,12336,36
152,2,197556,440,6,288,4
1018,10,3319152,2320,24,1302,14
11230,32,3129893,23566,68,12336,36
152,2,215986,440,6,288,4
152,2,156778,440,6,288,4
1154,12,708923,2314,24,1160,12
152,2,153013,440,6,288,4
152,2,157196,440,6,288,4
152,2,154504,440,6,288,4
1154,12,773408,2448,26,1294,14
10794,28,17345376546,22528,60,11734,32
11094,30,2544161,23470,66,12376,36
152,2,154659,440,6,288,4
152,2,146731,440,6,288,4
152,2,155335,440,6,288,4
152,2,153499,440,6,288,4
152,2,160505,440,6,288,4
152,2,155353,440,6,288,4
1154,12,2832349,2458,26,1304,14
11230,32,2052110,23572,68,12342,36
152,2,155761,440,6,288,4
152,2,154733,440,6,288,4
152,2,173220,440,6,288,4
152,2,149174,440,6,288,4
152,2,156913,440,6,288,4
152,2,155166,440,6,288,4
152,2,180830,440,6,288,4
152,2,154574,440,6,288,4
152,2,155809,440,6,288,4
152,2,154034,440,6,288,4
152,2,154623,440,6,288,4
152,2,149404,440,6,288,4
1154,12,2820177,2314,24,1160,12
11094,30,2108742,23418,66,12324,36
10658,26,11201864678,22392,58,11734,32
11230,32,2607593,23606,68,12376,36
152,2,149651,440,6,288,4
152,2,149555,440,6,288,4
152,2,170831,440,6,288,4
152,2,154575,440,6,288,4
152,2,152376,440,6,288,4
152,2,197223,440,6,288,4
1154,12,3030915,2456,26,1302,14
11230,32,2245237,23566,68,12336,36
152,2,155325,440,6,288,4
1154,12,2659113,2320,24,1166,12
11230,32,2445350,23566,68,12336,36
152,2,148792,440,6,288,4
152,2,198815,440,6,288,4
1154,12,757624,2450,26,1296,14
152,2,148694,440,6,288,4
152,2,148520,440,6,288,4
152,2,172174,440,6,288,4
1154,12,779530,2448,26,1294,14
152,2,159060,440,6,288,4
152,2,154770,440,6,288,4
152,2,176091,440,6,288,4
152,2,147883,440,6,288,4
152,2,153513,440,6,288,4
152,2,213594,440,6,288,4
1154,12,2752040,2322,24,1168,12
11230,32,2328955,23572,68,12342,36
152,2,168553,440,6,288,4
10794,28,5121810962,22528,60,11734,32
11094,30,2355006,23470,66,12376,36
152,2,156953,440,6,288,4
152,2,148475,440,6,288,4
152,2,157498,440,6,288,4
152,2,149756,440,6,288,4
152,2,158328,440,6,288,4
152,2,158333,440,6,288,4
152,2,150397,440,6,288,4
152,2,148970,440,6,288,4
152,2,153800,440,6,288,4
152,2,163030,440,6,288,4
152,2,155380,440,6,288,4
1154,12,2794050,2450,26,1296,14
11094,30,2026503,23418,66,12324,36
152,2,186421,440,6,288,4
152,2,154752,440,6,288,4
152,2,154959,440,6,288,4
152,2,153552,440,6,288,4
152,2,152243,440,6,288,4
152,2,148723,440,6,288,4
10658,26,4130285,22120,54,11462,28
11094,30,2185732,23470,66,12376,36
4272,8,1079325467,5886,20,1614,12
8544,16,1079222061,11772,40,3228,24
2840,12,10533469,4006,24,1166,12
152,2,150838,440,6,288,4
1154,12,2650750,2320,24,1166,12
11094,30,2446465,23430,66,12336,36
1018,10,2953425,2320,24,1302,14
11230,32,2104122,23566,68,12336,36
152,2,231644,440,6,288,4
11094,30,2643645,25074,66,13980,36
152,2,203425,440,6,288,4
3624,8,1023903333,6267,21,2643,13
7248,16,1023926497,12534,42,5286,26
1154,12,821610,2450,26,1296,14
152,2,165897,440,6,288,4
1408,10,510862495,4452,22,3044,12
152,2,189435,440,6,288,4
152,2,149030,440,6,288,4
11230,32,2048972,23546,68,12316,36
3852,9,515689412,5578,22,1726,13
7704,18,515707323,11156,44,3452,26
1154,12,785660,2448,26,1294,14
1684,10,511356484,2938,22,1254,12
11230,32,2091171,23580,68,12350,36
152,2,151675,440,6,288,4
152,2,149920,440,6,288,4
152,2,201001,440,6,288,4
152,2,154789,440,6,288,4
152,2,153395,440,6,288,4
152,2,154952,440,6,288,4
1154,12,4262173,2322,24,1168,12
11094,30,4271793,23436,66,12342,36
152,2,180834,440,6,288,4
152,2,157217,440,6,288,4
10658,26,3956768,22120,54,11462,28
11230,32,2489485,23606,68,12376,36
5003,8,1021039608,6697,21,1694,13
10006,16,1021070123,13394,42,3388,26
152,2,151925,440,6,288,4
152,2,200103,440,6,288,4
2704,10,508329846,3870,22,1166,12
152,2,152325,440,6,288,4
152,2,182323,440,6,288,4
11230,32,2232840,25210,68,13980,36
3624,8,1024347476,6267,21,2643,13
7248,16,1024378993,12534,42,5286,26
1408,10,513369022,4452,22,3044,12
11094,30,510431845,23410,66,12316,36
152,2,152738,440,6,288,4
3852,9,1021481107,5578,22,1726,13
7704,18,1021509847,11156,44,3452,26
152,2,167808,440,6,288,4
152,2,149981,440,6,288,4
1548,8,510992813,2802,20,1254,12
152,2,154865,440,6,288,4
11094,30,2666662,23444,66,12350,36
152,2,151153,440,6,288,4
152,2,153634,440,6,288,4
1154,12,2605063,2314,24,1160,12
11094,30,2425809,23418,66,12324,36
152,2,173277,440,6,288,4
152,2,160432,440,6,288,4
152,2,150302,440,6,288,4
3750726,22982,959295996099,6010612,45964,2259886,22982
92,1,31993,184,2,92,1
92,1,31833,184,2,92,1
92,1,30025,184,2,92,1
104668,121,949312758148,113220,245,8552,124
454146,484,940102402012,2425606,1390,1971460,906
227073,242,940102368570,1212803,695,985730,453
16997722,5062,940093265809,96893935,15264,79896213,10202
7944,82,930428921392,18336,200,10392,118
103520,1114,930431341134,292538,2228,189018,1114
8488,90,930431349041,18200,198,9712,108
374164,3972,930431945814,994584,7424,620420,3452
1128950,9592,943682610495,5260556,27090,4131606,17498
4216,62,921599841429,8432,124,4216,62
4216,62,921600265484,8432,124,4216,62
8624,92,930015798647,18744,206,10120,114
80684,862,930527530765,250198,1748,169514,886
4216,62,921380415067,8432,124,4216,62
6918,68,899996185895,17508,190,10590,122
3672,54,798472777449,7344,108,3672,54
22734,182,599995941468,59700,382,36966,200
18802,128,480348163445,44550,270,25748,142
69374,414,494581418567,106866,676,37492,262
102282,1356,480228695701,304654,2716,202372,1360
80930,1042,480188069502,256166,2096,175236,1054
244682,3448,480094208991,901526,8264,656844,4816
16596,90,480139075618,31944,156,15348,66
2932,40,492359827029,6758,82,3826,42
244202,1578,480132395465,372318,2748,128116,1170
242416,1566,480065116618,365336,2664,122920,1098
241178,1558,479928654669,366754,2698,125576,1140
239940,1550,480123207255,364636,2680,124696,1130
238776,1542,479935698290,364632,2692,125856,1150
237266,1530,480160931576,364146,2698,126880,1168
236028,1522,480166950267,360804,2662,124776,1140
235198,1520,479999768243,360182,2666,124984,1146
233412,1508,480220094824,356464,2630,123052,1122
231490,1494,480199085510,355330,2632,123840,1138
230042,1484,450215026343,354152,2630,124110,1146
228256,1472,449813392325,350706,2598,122450,1126
226808,1462,450319068946,346746,2554,119938,1092
225162,1448,449984391220,346532,2564,121370,1116
223376,1436,449875875664,343494,2538,120118,1102
221936,1428,450104554457,339034,2490,117098,1062
220970,1424,449984742928,339092,2504,118122,1080
219460,1412,450334609829,340374,2536,120914,1124
218222,1404,450523607095,339752,2540,121530,1136
216984,1396,450489515687,331514,2432,114530,1036
215746,1388,450084150082,334292,2486,118546,1098
214990,1386,450097919989,331704,2460,116714,1074
212796,1368,450175917787,328122,2426,115326,1058
211282,1360,450102699321,324404,2390,113122,1030
210044,1352,450173683217,322694,2378,112650,1026
208806,1344,450265444132,324520,2418,115714,1074
207358,1334,419953242657,321166,2384,113808,1050
205848,1322,419882309162,318232,2354,112384,1032
203852,1308,420246146074,316888,2354,113036,1046
201930,1294,420185555883,311674,2296,109744,1002
200552,1288,420159684836,312716,2330,112164,1042
198906,1274,420062429189,309646,2298,110740,1024
197330,1264,419963646644,308314,2296,110984,1032
196364,1260,420040448940,305244,2264,108880,1004
194578,1248,420302258498,305198,2282,110620,1034
193340,1240,420203180311,303896,2276,110556,1036
192102,1232,420413554267,300282,2236,108180,1004
190802,1222,420491680397,293750,2152,102948,930
189972,1220,420031896079,296800,2210,106828,990
188734,1212,420265336345,296178,2214,107444,1002
187084,1202,420246938875,292188,2174,105104,972
185710,1192,420154996926,288438,2132,102728,940
184126,1180,390178926183,290660,2180,106534,1000
182616,1168,390310255875,287998,2154,105382,986
181304,1160,390104520457,280230,2054,98926,894
180202,1154,389987442818,282872,2106,102670,952
178556,1140,390190480422,280210,2080,101654,940
176980,1130,390188642628,280374,2100,103394,970
175602,1124,390549728532,276656,2064,101054,940
173956,1110,390221268068,274810,2050,100854,940
172578,1104,390487609005,272044,2028,99466,924
170520,1088,390490246536,267238,1976,96718,888
169282,1080,390110044550,268928,2014,99646,934
168118,1072,389857645070,267700,2008,99582,936
166880,1064,389991619815,266262,2000,99382,936
166050,1062,390397017162,262104,1952,96054,890
164540,1050,390426219249,261482,1956,96942,906
162890,1040,390139033787,252324,1840,89434,800
161306,1028,360093057055,254546,1888,93240,860
160204,1022,360217152636,256780,1934,96576,912
158208,1008,360044736560,253668,1908,95460,900
156422,996,360059172611,249542,1866,93120,870
155184,988,360033982300,248784,1868,93600,880
153810,978,360287771746,244898,1824,91088,846
151888,964,300008189401,244024,1832,92136,868
150514,954,300348777597,240954,1800,90440,846
148728,942,300322790732,239004,1790,90276,848
147626,936,300223309330,237430,1780,89804,844
146388,928,300035545092,232320,1718,85932,790
145150,920,300460945451,233738,1752,88588,832
143776,910,300065939860,227268,1670,83492,760
142126,900,300123344227,228718,1710,86592,810
140616,888,300370052787,226192,1686,85576,798
138966,878,300362345490,223018,1658,84052,780
137390,868,300169076833,221142,1648,83752,780
136288,862,300120590179,220248,1648,83960,786
134502,850,300286230407,218162,1636,83660,786
133264,842,299888743527,211964,1558,78700,716
131680,830,270037025330,208066,1516,76386,686
130306,820,270348583419,211116,1574,80810,754
128932,810,270117169260,208862,1554,79930,744
127966,806,269893171020,208648,1564,80682,758
126180,794,269853972520,204522,1522,78342,728
124942,786,270034510888,201996,1498,77054,712
123432,774,270146723702,201238,1500,77806,726
122194,766,270135795258,199120,1482,76926,716
120408,754,270391369623,197034,1470,76626,716
119442,750,270156871245,192468,1416,73026,666
118414,744,270038828130,192192,1424,73778,680
116628,732,270371125912,188338,1386,71710,654
115390,724,270214269301,187036,1380,71646,656
114152,716,269992061702,182062,1320,67910,604
112366,704,270325787096,185008,1382,72642,678
111128,696,270211601438,180850,1334,69722,638
109544,684,240030854190,178176,1310,68632,626
107898,670,240385919976,173882,1260,65984,590
106932,666,240436022942,175708,1300,68776,634
105830,660,240305482071,173862,1286,68032,626
104456,650,240239820352,171608,1266,67152,616
103354,644,239996018075,169354,1246,66000,602
101568,632,239906620279,166588,1224,65020,592
100058,620,240303106190,164198,1202,64140,582
99092,616,240222008455,161536,1176,62444,560
97170,602,240314135759,159722,1168,62552,566
96278,598,240154565114,156998,1140,60720,542
94356,584,239952579849,155184,1132,60828,548
92846,572,240376915243,151978,1098,59132,526
91332,564,240270338603,151252,1106,59920,542
90230,558,240426650991,145326,1032,55096,474
88098,542,210038731627,146356,1068,58258,526
86312,530,210045933390,143998,1052,57686,522
84526,518,210077881868,140552,1020,56026,502
83288,510,209970645732,138434,1002,55146,492
82050,502,210117031178,136724,990,54674,488
1088,16,214863944359,2176,32,1088,16
80540,490,210065776879,133518,956,52978,466
79574,486,210131087131,132760,958,53186,472
78336,478,209964491270,128466,908,50130,430
77098,470,210164365624,128932,928,51834,458
75522,460,210043401513,125968,902,50446,442
74284,452,210454708547,124122,888,49838,436
73046,444,210271554558,122548,878,49502,434
71672,434,210158481534,120158,856,48486,422
70022,424,209911264964,117120,830,47098,406
67828,406,210303622700,114354,808,46526,402
65968,394,180343988298,110488,772,44520,378
64594,384,180420753458,107962,748,43368,364
63492,378,180102445271,106796,744,43304,366
62390,372,180114273340,104678,726,42288,354
61152,364,180187543504,102288,704,41136,340
59778,354,180278352114,101530,706,41752,352
58676,348,180121450403,99004,682,40328,334
57438,340,180218263501,94438,628,37000,288
56200,332,180106936900,95584,658,39384,326
54962,324,180122855848,93602,642,38640,318
53386,314,180153152714,90230,610,36844,296
52148,306,180028921251,87704,586,35556,280
50910,298,180359858787,86810,586,35900,288
49672,290,179964025752,84964,572,35292,282
47886,278,179849013795,81790,544,33904,266
46302,266,150175949796,77892,502,31590,236
44516,254,149985167598,75670,488,31154,234
43278,246,149883121060,73824,474,30546,228
42040,238,150159023336,72386,466,30346,228
40802,230,150136652864,69316,434,28514,204
39564,222,150109406332,68830,440,29266,218
38326,214,150360892526,66576,420,28250,206
37088,206,150232280557,64186,398,27098,192
35302,194,150294980318,61556,378,26254,184
34274,188,150083251032,59648,362,25374,174
32488,176,150131507460,57290,346,24802,170
30702,164,150069580658,53844,314,23142,150
29464,156,150336659652,52134,302,22670,146
28090,146,150151388490,50424,290,22334,144
11572,34,150281843243,23656,72,12084,38
26440,136,150095661139,47522,266,21082,130
24856,124,119888783975,44712,240,19856,116
23618,116,120180326355,43138,230,19520,114
22380,108,120067661910,40884,210,18504,102
21142,100,120150743651,38902,194,17760,94
11362,32,120047975526,23310,68,11948,36
19356,88,120414795799,36136,172,16780,84
17982,78,120398273110,34290,158,16308,80
16744,70,120012187025,32308,142,15564,72
15506,62,119994340940,30326,126,14820,64
13452,42,120454398346,26116,86,12664,44
13818,52,120055321705,27386,102,13568,50
11362,32,119814068166,23368,68,12006,36
10942,28,60004143541,22676,60,11734,32
10868,28,29952397259,22466,58,11598,30
10794,28,12804611701,22528,60,11734,32
152,2,156248,440,6,288,4
152,2,154091,440,6,288,4
152,2,152335,440,6,288,4
1154,12,3423214,2320,24,1166,12
11230,32,2488760,23566,68,12336,36
1154,12,2922528,2456,26,1302,14
11230,32,2143181,23566,68,12336,36
152,2,163854,440,6,288,4
152,2,158030,440,6,288,4
152,2,154561,440,6,288,4
1154,12,682915,2314,24,1160,12
152,2,148022,440,6,288,4
152,2,165475,440,6,288,4
152,2,151390,440,6,288,4
1154,12,751050,2448,26,1294,14
152,2,173933,440,6,288,4
152,2,152778,440,6,288,4
152,2,154287,440,6,288,4
152,2,157163,440,6,288,4
152,2,160279,440,6,288,4
152,2,155380,440,6,288,4
1154,12,2795215,2458,26,1304,14
11230,32,2801530,23572,68,12342,36
10794,28,6565065525,22528,60,11734,32
11230,32,2449653,23606,68,12376,36
152,2,155679,440,6,288,4
152,2,150696,440,6,288,4
152,2,155393,440,6,288,4
152,2,152931,440,6,288,4
152,2,177130,440,6,288,4
152,2,157252,440,6,288,4
152,2,192602,440,6,288,4
152,2,151350,440,6,288,4
152,2,159440,440,6,288,4
152,2,152571,440,6,288,4
152,2,152331,440,6,288,4
152,2,177184,440,6,288,4
1018,10,3497735,2314,24,1296,14
11230,32,3077809,23554,68,12324,36
152,2,175798,440,6,288,4
152,2,151918,440,6,288,4
152,2,146752,440,6,288,4
10658,26,1445258562,22392,58,11734,32
11230,32,3047264,23606,68,12376,36
152,2,149121,440,6,288,4
152,2,151956,440,6,288,4
152,2,170977,440,6,288,4
1154,12,2757124,2320,24,1166,12
11230,32,2052484,23566,68,12336,36
1154,12,3741896,2456,26,1302,14
11230,32,2981065,23566,68,12336,36
152,2,151263,440,6,288,4
152,2,151663,440,6,288,4
152,2,161697,440,6,288,4
1154,12,800348,2450,26,1296,14
152,2,163284,440,6,288,4
152,2,160292,440,6,288,4
152,2,166501,440,6,288,4
1154,12,787965,2448,26,1294,14
152,2,169942,440,6,288,4
152,2,153650,440,6,288,4
152,2,198936,440,6,288,4
152,2,149324,440,6,288,4
152,2,151491,440,6,288,4
152,2,180140,440,6,288,4
1154,12,2756531,2458,26,1304,14
11230,32,2552306,23572,68,12342,36
152,2,172268,440,6,288,4
152,2,150066,440,6,288,4
152,2,159691,440,6,288,4
152,2,157940,440,6,288,4
10658,26,15240178816,22392,58,11734,32
11230,32,2478118,23606,68,12376,36
152,2,149567,440,6,288,4
152,2,174125,440,6,288,4
152,2,172809,440,6,288,4
152,2,152607,440,6,288,4
152,2,148555,440,6,288,4
152,2,160910,440,6,288,4
152,2,151609,440,6,288,4
152,2,152382,440,6,288,4
1154,12,3154514,2314,24,1160,12
11230,32,2123607,23554,68,12324,36
152,2,183055,440,6,288,4
152,2,152481,440,6,288,4
152,2,158887,440,6,288,4
152,2,165115,440,6,288,4
152,2,152436,440,6,288,4
152,2,157131,440,6,288,4
1154,12,2842130,2456,26,1302,14
11230,32,2069689,23566,68,12336,36
1154,12,3022213,2456,26,1302,14
11230,32,2209041,23566,68,12336,36
152,2,154144,440,6,288,4
152,2,149740,440,6,288,4
152,2,180065,440,6,288,4
1154,12,770480,2450,26,1296,14
152,2,149109,440,6,288,4
10658,26,9351023826,22392,58,11734,32
11094,30,2805672,23470,66,12376,36
152,2,183120,440,6,288,4
152,2,154118,440,6,288,4
1154,12,759940,2448,26,1294,14
152,2,182016,440,6,288,4
152,2,157337,440,6,288,4
152,2,171888,440,6,288,4
152,2,155288,440,6,288,4
152,2,151354,440,6,288,4
152,2,153031,440,6,288,4
1154,12,2822546,2458,26,1304,14
11230,32,2046849,23572,68,12342,36
152,2,186279,440,6,288,4
152,2,154358,440,6,288,4
152,2,152024,440,6,288,4
152,2,154183,440,6,288,4
152,2,153977,440,6,288,4
152,2,162289,440,6,288,4
10658,26,4231935998,22392,58,11734,32
11230,32,2313342,23606,68,12376,36
152,2,166206,440,6,288,4
152,2,150696,440,6,288,4
152,2,150677,440,6,288,4
152,2,163648,440,6,288,4
152,2,147718,440,6,288,4
152,2,188437,440,6,288,4
1154,12,3110462,2450,26,1296,14
11230,32,2933331,23554,68,12324,36
152,2,168158,440,6,288,4
152,2,151110,440,6,288,4
152,2,150908,440,6,288,4
152,2,153513,440,6,288,4
152,2,152849,440,6,288,4
152,2,151205,440,6,288,4
1154,12,2961214,2456,26,1302,14
11094,30,2205319,23430,66,12336,36
152,2,197556,440,6,288,4
1018,10,3319152,2320,24,1302,14
11230,32,3129893,23566,68,12336,36
152,2,215986,440,6,288,4
152,2,156778,440,6,288,4
1154,12,708923,2314,24,1160,12
152,2,153013,440,6,288,4
152,2,157196,440,6,288,4
152,2,154504,440,6,288,4
1154,12,773408,2448,26,1294,14
10658,26,3871797,22120,54,11462,28
11094,30,2544161,23470,66,12376,36
152,2,154659,440,6,288,4
152,2,146731,440,6,288,4
152,2,155335,440,6,288,4
152,2,153499,440,6,288,4
152,2,160505,440,6,288,4
152,2,155353,440,6,288,4
1154,12,2832349,2458,26,1304,14
11230,32,2052110,23572,68,12342,36
152,2,155761,440,6,288,4
152,2,154733,440,6,288,4
152,2,173220,440,6,288,4
152,2,149174,440,6,288,4
152,2,156913,440,6,288,4
152,2,155166,440,6,288,4
152,2,180830,440,6,288,4
152,2,154574,440,6,288,4
152,2,155809,440,6,288,4
152,2,154034,440,6,288,4
152,2,154623,440,6,288,4
152,2,149404,440,6,288,4
1154,12,2820177,2314,24,1160,12
11094,30,2108742,23418,66,12324,36
10522,24,1589787,21984,52,11462,28
11230,32,2607593,23606,68,12376,36
152,2,149651,440,6,288,4
152,2,149555,440,6,288,4
152,2,170831,440,6,288,4
152,2,154575,440,6,288,4
152,2,152376,440,6,288,4
152,2,197223,440,6,288,4
1154,12,3030915,2456,26,1302,14
11230,32,2245237,23566,68,12336,36
152,2,155325,440,6,288,4
1154,12,2659113,2320,24,1166,12
11230,32,2445350,23566,68,12336,36
152,2,148792,440,6,288,4
152,2,198815,440,6,288,4
1154,12,757624,2450,26,1296,14
152,2,148694,440,6,288,4
152,2,148520,440,6,288,4
152,2,172174,440,6,288,4
1154,12,779530,2448,26,1294,14
152,2,159060,440,6,288,4
152,2,154770,440,6,288,4
152,2,176091,440,6,288,4
152,2,147883,440,6,288,4
152,2,153513,440,6,288,4
152,2,213594,440,6,288,4
1154,12,2752040,2322,24,1168,12
11230,32,2328955,23572,68,12342,36
152,2,168553,440,6,288,4
10658,26,3829805,22120,54,11462,28
11094,30,2355006,23470,66,12376,36
152,2,156953,440,6,288,4
152,2,148475,440,6,288,4
152,2,157498,440,6,288,4
152,2,149756,440,6,288,4
152,2,158328,440,6,288,4
152,2,158333,440,6,288,4
152,2,150397,440,6,288,4
152,2,148970,440,6,288,4
152,2,153800,440,6,288,4
152,2,163030,440,6,288,4
152,2,155380,440,6,288,4
1154,12,2794050,2450,26,1296,14
11094,30,2026503,23418,66,12324,36
152,2,186421,440,6,288,4
152,2,154752,440,6,288,4
152,2,154959,440,6,288,4
3711526,22742,949311806586,5947812,45484,2236286,22742
92,1,31993,184,2,92,1
92,1,31833,184,2,92,1
92,1,30025,184,2,92,1
104300,120,930304229251,112784,243,8484,123
449906,480,930431750195,2401808,1378,1951902,898
224953,240,930431717162,1200904,689,975951,449
16908078,5039,929921188707,96380800,15189,79472722,10150
7944,82,930428921392,18336,200,10392,118
103520,1114,930431341134,292538,2228,189018,1114
8488,90,930431349041,18200,198,9712,108
374164,3972,930431945814,994584,7424,620420,3452
1127770,9582,934017986554,5255650,27060,4127880,17478
4216,62,921599841429,8432,124,4216,62
4216,62,921600265484,8432,124,4216,62
8278,88,899999891603,18188,200,9910,112
80338,858,900511524973,249506,1740,169168,882
4216,62,921380415067,8432,124,4216,62
6918,68,899996185895,17508,190,10590,122
3672,54,798472777449,7344,108,3672,54
22400,178,570488516956,59230,376,36830,198
18802,128,480348163445,44550,270,25748,142
68740,410,488501211090,105996,670,37256,260
102282,1356,480228695701,304654,2716,202372,1360
80930,1042,480188069502,256166,2096,175236,1054
244682,3448,480094208991,901526,8264,656844,4816
16596,90,480139075618,31944,156,15348,66
2796,38,461321744327,6486,78,3690,40
244202,1578,480132395465,372318,2748,128116,1170
242416,1566,480065116618,365336,2664,122920,1098
241178,1558,479928654669,366754,2698,125576,1140
239940,1550,480123207255,364636,2680,124696,1130
238430,1538,449955858027,364076,2686,125646,1148
237056,1528,450145105657,363590,2692,126534,1164
235818,1520,450150931609,360248,2656,124430,1136
234852,1516,449983995139,359626,2660,124774,1144
233066,1504,450204258821,355908,2624,122842,1120
231144,1490,450183077161,354774,2626,123630,1136
230042,1484,450215026343,354152,2630,124110,1146
228256,1472,449813392325,350706,2598,122450,1126
226808,1462,450319068946,346746,2554,119938,1092
225162,1448,449984391220,346532,2564,121370,1116
223376,1436,449875875664,343494,2538,120118,1102
221936,1428,450104554457,339034,2490,117098,1062
220970,1424,449984742928,339092,2504,118122,1080
219460,1412,450334609829,340374,2536,120914,1124
218222,1404,450523607095,339752,2540,121530,1136
216984,1396,450489515687,331514,2432,114530,1036
215746,1388,450084150082,334292,2486,118546,1098
214644,1382,420113889742,331148,2454,116504,1072
212586,1366,420160174678,327566,2420,114980,1054
210936,1356,420086671562,323712,2382,112776,1026
209698,1348,420157675376,322138,2372,112440,1024
208460,1340,420249473412,323828,2410,115368,1070
207358,1334,419953242657,321166,2384,113808,1050
205848,1322,419882309162,318232,2354,112384,1032
203852,1308,420246146074,316888,2354,113036,1046
201930,1294,420185555883,311674,2296,109744,1002
200552,1288,420159684836,312716,2330,112164,1042
198906,1274,420062429189,309646,2298,110740,1024
197330,1264,419963646644,308314,2296,110984,1032
196364,1260,420040448940,305244,2264,108880,1004
194578,1248,420302258498,305198,2282,110620,1034
193340,1240,420203180311,303896,2276,110556,1036
192102,1232,420413554267,300282,2236,108180,1004
190456,1218,390475799657,293058,2144,102602,926
189626,1216,390015912455,296244,2204,106618,988
188388,1208,390250134131,295486,2206,107098,998
186738,1198,390230982730,291496,2166,104758,968
185364,1188,390139045839,287746,2124,102382,936
184126,1180,390178926183,290660,2180,106534,1000
182616,1168,390310255875,287998,2154,105382,986
181304,1160,390104520457,280230,2054,98926,894
180202,1154,389987442818,282872,2106,102670,952
178556,1140,390190480422,280210,2080,101654,940
176980,1130,390188642628,280374,2100,103394,970
175602,1124,390549728532,276656,2064,101054,940
173956,1110,390221268068,274810,2050,100854,940
172578,1104,390487609005,272044,2028,99466,924
170520,1088,390490246536,267238,1976,96718,888
169282,1080,390110044550,268928,2014,99646,934
167908,1070,359877789828,267144,2002,99236,932
166670,1062,359975551961,265706,1994,99036,932
165704,1058,360381012059,261412,1944,95708,886
164194,1046,360410025805,260926,1950,96732,904
162544,1036,360130021926,251632,1832,89088,796
161306,1028,360093057055,254546,1888,93240,860
160204,1022,360217152636,256780,1934,96576,912
158208,1008,360044736560,253668,1908,95460,900
156422,996,360059172611,249542,1866,93120,870
155184,988,360033982300,248784,1868,93600,880
153810,978,360287771746,244898,1824,91088,846
151888,964,300008189401,244024,1832,92136,868
150514,954,300348777597,240954,1800,90440,846
148728,942,300322790732,239004,1790,90276,848
147626,936,300223309330,237430,1780,89804,844
146388,928,300035545092,232320,1718,85932,790
145150,920,300460945451,233738,1752,88588,832
143776,910,300065939860,227268,1670,83492,760
142126,900,300123344227,228718,1710,86592,810
140616,888,300370052787,226192,1686,85576,798
138966,878,300362345490,223018,1658,84052,780
137044,864,270154627389,220586,1642,83542,778
135942,858,270104563209,219692,1642,83750,784
134156,846,270270421806,217606,1630,83450,784
132918,838,269876885290,211408,1552,78490,714
131680,830,270037025330,208066,1516,76386,686
130306,820,270348583419,211116,1574,80810,754
128932,810,270117169260,208862,1554,79930,744
127966,806,269893171020,208648,1564,80682,758
126180,794,269853972520,204522,1522,78342,728
124942,786,270034510888,201996,1498,77054,712
123432,774,270146723702,201238,1500,77806,726
122194,766,270135795258,199120,1482,76926,716
120408,754,270391369623,197034,1470,76626,716
119442,750,270156871245,192468,1416,73026,666
118068,740,240059177207,191500,1416,73432,676
116282,728,240355295610,187646,1378,71364,650
115044,720,240198245270,186344,1372,71300,652
113806,712,239976296495,181506,1314,67700,602
112020,700,240309886460,184452,1376,72432,676
110782,692,240195598467,180294,1328,69512,636
109544,684,240030854190,178176,1310,68632,626
107898,670,240385919976,173882,1260,65984,590
106932,666,240436022942,175708,1300,68776,634
105830,660,240305482071,173862,1286,68032,626
104456,650,240239820352,171608,1266,67152,616
103354,644,239996018075,169354,1246,66000,602
101568,632,239906620279,166588,1224,65020,592
100058,620,240303106190,164198,1202,64140,582
99092,616,240222008455,161536,1176,62444,560
97170,602,240314135759,159722,1168,62552,566
95932,594,210139452921,156442,1134,60510,540
94010,580,209936556470,154628,1126,60618,546
92636,570,210360975194,151422,1092,58786,522
90986,560,210255242864,150696,1100,59710,540
89884,554,210414566010,144634,1024,54750,470
88098,542,210038731627,146356,1068,58258,526
86312,530,210045933390,143998,1052,57686,522
84526,518,210077881868,140552,1020,56026,502
83288,510,209970645732,138434,1002,55146,492
82050,502,210117031178,136724,990,54674,488
1088,16,214863944359,2176,32,1088,16
80540,490,210065776879,133518,956,52978,466
79574,486,210131087131,132760,958,53186,472
78336,478,209964491270,128466,908,50130,430
77098,470,210164365624,128932,928,51834,458
75176,456,180063654527,125276,894,50100,438
73938,448,180438880617,123430,880,49492,432
72700,440,180255527649,121856,870,49156,430
71326,430,180140285332,119602,850,48276,420
69676,420,179895440744,116564,824,46888,404
67618,404,180292001020,113798,802,46180,398
65968,394,180343988298,110488,772,44520,378
64594,384,180420753458,107962,748,43368,364
63492,378,180102445271,106796,744,43304,366
62390,372,180114273340,104678,726,42288,354
61152,364,180187543504,102288,704,41136,340
59778,354,180278352114,101530,706,41752,352
58676,348,180121450403,99004,682,40328,334
57438,340,180218263501,94438,628,37000,288
56200,332,180106936900,95584,658,39384,326
54962,324,180122855848,93602,642,38640,318
53040,310,150137916083,89674,604,36634,294
51802,302,150013017741,87148,580,35346,278
50564,294,150343903390,86254,580,35690,286
49326,286,149948086656,84408,566,35082,280
47540,274,150343949687,81234,538,33694,264
46302,266,150175949796,77892,502,31590,236
44516,254,149985167598,75670,488,31154,234
43278,246,149883121060,73824,474,30546,228
42040,238,150159023336,72386,466,30346,228
40802,230,150136652864,69316,434,28514,204
39564,222,150109406332,68830,440,29266,218
38326,214,150360892526,66576,420,28250,206
37088,206,150232280557,64186,398,27098,192
35302,194,150294980318,61556,378,26254,184
33928,184,120099230189,59092,356,25164,172
32142,172,120115653870,56734,340,24592,168
30356,160,120053475943,53288,308,22932,148
29118,152,120320654214,51578,296,22460,144
27744,142,120135192304,49868,284,22124,142
11362,32,120265835190,23310,68,11948,36
26094,132,120083801435,46966,260,20872,128
24856,124,119888783975,44712,240,19856,116
23618,116,120180326355,43138,230,19520,114
22380,108,120067661910,40884,210,18504,102
21142,100,120150743651,38902,194,17760,94
11362,32,120047975526,23310,68,11948,36
19356,88,120414795799,36136,172,16780,84
17982,78,120398273110,34290,158,16308,80
16744,70,120012187025,32308,142,15564,72
15506,62,119994340940,30326,126,14820,64
13452,42,120454398346,26116,86,12664,44
13818,52,120055321705,27386,102,13568,50
11152,30,89799061432,23022,64,11870,34
10942,28,60004143541,22676,60,11734,32
10868,28,29952397259,22466,58,11598,30
10794,28,12804611701,22528,60,11734,32
152,2,156248,440,6,288,4
152,2,154091,440,6,288,4
152,2,152335,440,6,288,4
1154,12,3423214,2320,24,1166,12
11230,32,2488760,23566,68,12336,36
1154,12,2922528,2456,26,1302,14
11230,32,2143181,23566,68,12336,36
152,2,163854,440,6,288,4
152,2,158030,440,6,288,4
152,2,154561,440,6,288,4
1154,12,682915,2314,24,1160,12
152,2,148022,440,6,288,4
152,2,165475,440,6,288,4
152,2,151390,440,6,288,4
1154,12,751050,2448,26,1294,14
152,2,173933,440,6,288,4
152,2,152778,440,6,288,4
152,2,154287,440,6,288,4
152,2,157163,440,6,288,4
152,2,160279,440,6,288,4
152,2,155380,440,6,288,4
1154,12,2795215,2458,26,1304,14
11230,32,2801530,23572,68,12342,36
10794,28,6565065525,22528,60,11734,32
11230,32,2449653,23606,68,12376,36
152,2,155679,440,6,288,4
152,2,150696,440,6,288,4
152,2,155393,440,6,288,4
152,2,152931,440,6,288,4
152,2,177130,440,6,288,4
152,2,157252,440,6,288,4
152,2,192602,440,6,288,4
152,2,151350,440,6,288,4
152,2,159440,440,6,288,4
152,2,152571,440,6,288,4
152,2,152331,440,6,288,4
152,2,177184,440,6,288,4
1018,10,3497735,2314,24,1296,14
11230,32,3077809,23554,68,12324,36
152,2,175798,440,6,288,4
152,2,151918,440,6,288,4
152,2,146752,440,6,288,4
10658,26,1445258562,22392,58,11734,32
11230,32,3047264,23606,68,12376,36
152,2,149121,440,6,288,4
152,2,151956,440,6,288,4
152,2,170977,440,6,288,4
1154,12,2757124,2320,24,1166,12
11230,32,2052484,23566,68,12336,36
1154,12,3741896,2456,26,1302,14
11230,32,2981065,23566,68,12336,36
152,2,151263,440,6,288,4
152,2,151663,440,6,288,4
152,2,161697,440,6,288,4
1154,12,800348,2450,26,1296,14
152,2,163284,440,6,288,4
152,2,160292,440,6,288,4
152,2,166501,440,6,288,4
1154,12,787965,2448,26,1294,14
152,2,169942,440,6,288,4
152,2,153650,440,6,288,4
152,2,198936,440,6,288,4
152,2,149324,440,6,288,4
152,2,151491,440,6,288,4
152,2,180140,440,6,288,4
1154,12,2756531,2458,26,1304,14
11230,32,2552306,23572,68,12342,36
152,2,172268,440,6,288,4
152,2,150066,440,6,288,4
152,2,159691,440,6,288,4
152,2,157940,440,6,288,4
10658,26,15240178816,22392,58,11734,32
11230,32,2478118,23606,68,12376,36
152,2,149567,440,6,288,4
152,2,174125,440,6,288,4
152,2,172809,440,6,288,4
152,2,152607,440,6,288,4
152,2,148555,440,6,288,4
152,2,160910,440,6,288,4
152,2,151609,440,6,288,4
152,2,152382,440,6,288,4
1154,12,3154514,2314,24,1160,12
11230,32,2123607,23554,68,12324,36
152,2,183055,440,6,288,4
152,2,152481,440,6,288,4
152,2,158887,440,6,288,4
152,2,165115,440,6,288,4
152,2,152436,440,6,288,4
152,2,157131,440,6,288,4
1154,12,2842130,2456,26,1302,14
11230,32,2069689,23566,68,12336,36
1154,12,3022213,2456,26,1302,14
11230,32,2209041,23566,68,12336,36
152,2,154144,440,6,288,4
152,2,149740,440,6,288,4
152,2,180065,440,6,288,4
1154,12,770480,2450,26,1296,14
152,2,149109,440,6,288,4
10658,26,9351023826,22392,58,11734,32
11094,30,2805672,23470,66,12376,36
152,2,183120,440,6,288,4
152,2,154118,440,6,288,4
1154,12,759940,2448,26,1294,14
152,2,182016,440,6,288,4
152,2,157337,440,6,288,4
152,2,171888,440,6,288,4
152,2,155288,440,6,288,4
152,2,151354,440,6,288,4
152,2,153031,440,6,288,4
1154,12,2822546,2458,26,1304,14
11230,32,2046849,23572,68,12342,36
152,2,186279,440,6,288,4
152,2,154358,440,6,288,4
152,2,152024,440,6,288,4
152,2,154183,440,6,288,4
152,2,153977,440,6,288,4
152,2,162289,440,6,288,4
10658,26,4231935998,22392,58,11734,32
11230,32,2313342,23606,68,12376,36
152,2,166206,440,6,288,4
152,2,150696,440,6,288,4
152,2,150677,440,6,288,4
152,2,163648,440,6,288,4
152,2,147718,440,6,288,4
152,2,188437,440,6,288,4
1154,12,3110462,2450,26,1296,14
11230,32,2933331,23554,68,12324,36
152,2,168158,440,6,288,4
152,2,151110,440,6,288,4
152,2,150908,440,6,288,4
152,2,153513,440,6,288,4
152,2,152849,440,6,288,4
152,2,151205,440,6,288,4
1154,12,2961214,2456,26,1302,14
11094,30,2205319,23430,66,12336,36
152,2,197556,440,6,288,4
1018,10,3319152,2320,24,1302,14
11230,32,3129893,23566,68,12336,36
152,2,215986,440,6,288,4
152,2,156778,440,6,288,4
1154,12,708923,2314,24,1160,12
152,2,153013,440,6,288,4
152,2,157196,440,6,288,4
152,2,154504,440,6,288,4
1154,12,773408,2448,26,1294,14
10658,26,3871797,22120,54,11462,28
11094,30,2544161,23470,66,12376,36
152,2,154659,440,6,288,4
152,2,146731,440,6,288,4
152,2,155335,440,6,288,4
152,2,153499,440,6,288,4
152,2,160505,440,6,288,4
152,2,155353,440,6,288,4
1154,12,2832349,2458,26,1304,14
11230,32,2052110,23572,68,12342,36
152,2,155761,440,6,288,4
152,2,154733,440,6,288,4
152,2,173220,440,6,288,4
152,2,149174,440,6,288,4
152,2,156913,440,6,288,4
152,2,155166,440,6,288,4
152,2,180830,440,6,288,4
152,2,154574,440,6,288,4
152,2,155809,440,6,288,4
152,2,154034,440,6,288,4
152,2,154623,440,6,288,4
152,2,149404,440,6,288,4
1154,12,2820177,2314,24,1160,12
11094,30,2108742,23418,66,12324,36
10522,24,1589787,21984,52,11462,28
11230,32,2607593,23606,68,12376,36
152,2,149651,440,6,288,4
152,2,149555,440,6,288,4
3672326,22502,939139646932,5885012,45004,2212686,22502
92,1,31993,184,2,92,1
92,1,31833,184,2,92,1
101868,118,919296785469,110216,239,8348,121
445666,476,920070738791,2377986,1366,1932320,890
222833,238,920070705691,1188993,683,966160,445
16792429,4954,923645065148,95737677,15036,78945248,10082
7734,80,900444754493,17780,194,10046,114
103174,1110,900446980827,291846,2220,188672,1110
8142,86,899937233229,17644,192,9502,106
373818,3968,900447737805,993892,7416,620074,3448
1126354,9570,923651068837,5249730,27024,4123376,17454
4216,62,921599841429,8432,124,4216,62
4216,62,921600265484,8432,124,4216,62
8278,88,899999891603,18188,200,9910,112
80338,858,900511524973,249506,1740,169168,882
4080,60,890880751294,8160,120,4080,60
6918,68,899996185895,17508,190,10590,122
3672,54,798472777449,7344,108,3672,54
22400,178,570488516956,59230,376,36830,198
18592,126,471004821886,44204,266,25612,140
67336,400,476086309986,103910,654,36574,254
102072,1354,450237881416,304308,2712,202236,1358
80720,1040,450196173405,255820,2092,175100,1052
244472,3446,450099163888,901180,8260,656708,4814
16250,86,450154860819,31388,150,15138,64
2796,38,461321744327,6486,78,3690,40
243856,1574,450148158246,371626,2740,127770,1166
242070,1562,450077005462,364780,2658,122710,1096
240832,1554,449948592945,366198,2692,125366,1138
239594,1546,450138989268,364080,2674,124486,1128
238430,1538,449955858027,364076,2686,125646,1148
237056,1528,450145105657,363590,2692,126534,1164
235818,1520,450150931609,360248,2656,124430,1136
234852,1516,449983995139,359626,2660,124774,1144
233066,1504,450204258821,355908,2624,122842,1120
231144,1490,450183077161,354774,2626,123630,1136
230042,1484,450215026343,354152,2630,124110,1146
228256,1472,449813392325,350706,2598,122450,1126
226808,1462,450319068946,346746,2554,119938,1092
225162,1448,449984391220,346532,2564,121370,1116
223376,1436,449875875664,343494,2538,120118,1102
221726,1426,420151788759,338478,2484,116752,1058
220624,1420,420000471593,338400,2496,117776,1076
219250,1410,420350355112,339818,2530,120568,1120
218012,1402,420539596893,339196,2534,121184,1132
216774,1394,420505376965,330958,2426,114184,1032
215536,1386,420095775604,333736,2480,118200,1094
214644,1382,420113889742,331148,2454,116504,1072
212586,1366,420160174678,327566,2420,114980,1054
210936,1356,420086671562,323712,2382,112776,1026
209698,1348,420157675376,322138,2372,112440,1024
208460,1340,420249473412,323828,2410,115368,1070
207358,1334,419953242657,321166,2384,113808,1050
205848,1322,419882309162,318232,2354,112384,1032
203852,1308,420246146074,316888,2354,113036,1046
201930,1294,420185555883,311674,2296,109744,1002
200552,1288,420159684836,312716,2330,112164,1042
198906,1274,420062429189,309646,2298,110740,1024
197120,1262,390011644296,307758,2290,110638,1028
196018,1256,390056286309,304688,2258,108670,1002
194232,1244,390318217122,304506,2274,110274,1030
192994,1236,390219058509,303204,2268,110210,1032
191756,1228,390426617844,299590,2228,107834,1000
190456,1218,390475799657,293058,2144,102602,926
189626,1216,390015912455,296244,2204,106618,988
188388,1208,390250134131,295486,2206,107098,998
186738,1198,390230982730,291496,2166,104758,968
185364,1188,390139045839,287746,2124,102382,936
184126,1180,390178926183,290660,2180,106534,1000
182616,1168,390310255875,287998,2154,105382,986
181304,1160,390104520457,280230,2054,98926,894
180202,1154,389987442818,282872,2106,102670,952
178556,1140,390190480422,280210,2080,101654,940
176770,1128,360236617862,279818,2094,103048,966
175256,1120,360565345933,275964,2056,100708,936
173746,1108,360237162545,274254,2044,100508,936
172232,1100,360503703874,271352,2020,99120,920
170310,1086,360506115122,266682,1970,96372,884
169072,1078,360121668325,268372,2008,99300,930
167908,1070,359877789828,267144,2002,99236,932
166670,1062,359975551961,265706,1994,99036,932
165704,1058,360381012059,261412,1944,95708,886
164194,1046,360410025805,260926,1950,96732,904
162544,1036,360130021926,251632,1832,89088,796
161306,1028,360093057055,254546,1888,93240,860
160204,1022,360217152636,256780,1934,96576,912
158208,1008,360044736560,253668,1908,95460,900
156422,996,360059172611,249542,1866,93120,870
155184,988,360033982300,248784,1868,93600,880
153810,978,360287771746,244898,1824,91088,846
151888,964,300008189401,244024,1832,92136,868
150514,954,300348777597,240954,1800,90440,846
148728,942,300322790732,239004,1790,90276,848
147626,936,300223309330,237430,1780,89804,844
146388,928,300035545092,232320,1718,85932,790
144804,916,270476820063,233182,1746,88378,830
143430,906,270077832579,226576,1662,83146,756
141780,896,270143291678,228162,1704,86382,808
140406,886,270386015587,225636,1680,85230,794
138620,874,269864408225,222326,1650,83706,776
137044,864,270154627389,220586,1642,83542,778
135942,858,270104563209,219692,1642,83750,784
134156,846,270270421806,217606,1630,83450,784
132918,838,269876885290,211408,1552,78490,714
131680,830,270037025330,208066,1516,76386,686
130306,820,270348583419,211116,1574,80810,754
128932,810,270117169260,208862,1554,79930,744
127966,806,269893171020,208648,1564,80682,758
126180,794,269853972520,204522,1522,78342,728
124942,786,270034510888,201996,1498,77054,712
123222,772,240158528479,200682,1494,77460,722
121984,764,240155740520,198564,1476,76580,712
120198,752,240407231079,196478,1464,76280,712
119096,746,240168581295,191912,1410,72816,664
118068,740,240059177207,191500,1416,73432,676
116282,728,240355295610,187646,1378,71364,650
115044,720,240198245270,186344,1372,71300,652
113806,712,239976296495,181506,1314,67700,602
112020,700,240309886460,184452,1376,72432,676
110782,692,240195598467,180294,1328,69512,636
109544,684,240030854190,178176,1310,68632,626
107898,670,240385919976,173882,1260,65984,590
106932,666,240436022942,175708,1300,68776,634
105830,660,240305482071,173862,1286,68032,626
104456,650,240239820352,171608,1266,67152,616
103008,640,210044018989,168662,1238,65654,598
101222,628,209922267455,166032,1218,64810,590
99848,618,210318998759,163642,1196,63794,578
98746,612,210237947270,160844,1168,62098,556
96824,598,210330011505,159166,1162,62342,564
95932,594,210139452921,156442,1134,60510,540
94010,580,209936556470,154628,1126,60618,546
92636,570,210360975194,151422,1092,58786,522
90986,560,210255242864,150696,1100,59710,540
89884,554,210414566010,144634,1024,54750,470
88098,542,210038731627,146356,1068,58258,526
86312,530,210045933390,143998,1052,57686,522
84526,518,210077881868,140552,1020,56026,502
83288,510,209970645732,138434,1002,55146,492
82050,502,210117031178,136724,990,54674,488
952,14,184368978938,1904,28,952,14
80330,488,180081741658,132962,950,52632,462
79228,482,180150263533,132204,952,52976,470
77990,474,179980552381,127910,902,49920,428
76752,466,180180199473,128376,922,51624,456
75176,456,180063654527,125276,894,50100,438
73938,448,180438880617,123430,880,49492,432
72700,440,180255527649,121856,870,49156,430
71326,430,180140285332,119602,850,48276,420
69676,420,179895440744,116564,824,46888,404
67618,404,180292001020,113798,802,46180,398
65968,394,180343988298,110488,772,44520,378
64594,384,180420753458,107962,748,43368,364
63492,378,180102445271,106796,744,43304,366
62390,372,180114273340,104678,726,42288,354
61152,364,180187543504,102288,704,41136,340
59432,350,150282123568,100838,698,41406,348
58330,344,150134916720,98448,676,40118,332
57092,336,150234367033,93882,622,36790,286
55854,328,150122750325,94892,650,39038,322
54616,320,150141195171,92910,634,38294,314
53040,310,150137916083,89674,604,36634,294
51802,302,150013017741,87148,580,35346,278
50564,294,150343903390,86254,580,35690,286
49326,286,149948086656,84408,566,35082,280
47540,274,150343949687,81234,538,33694,264
46302,266,150175949796,77892,502,31590,236
44516,254,149985167598,75670,488,31154,234
11498,34,120636100468,23650,72,12152,38
43278,246,149883121060,73824,474,30546,228
42040,238,150159023336,72386,466,30346,228
40802,230,150136652864,69316,434,28514,204
39218,218,120122410402,68274,434,29056,216
37980,210,120376878929,66020,414,28040,204
36742,202,120248135093,63630,392,26888,190
34956,190,120310995561,61000,372,26044,182
33928,184,120099230189,59092,356,25164,172
32142,172,120115653870,56734,340,24592,168
30356,160,120053475943,53288,308,22932,148
29118,152,120320654214,51578,296,22460,144
27744,142,120135192304,49868,284,22124,142
11362,32,120265835190,23310,68,11948,36
26094,132,120083801435,46966,260,20872,128
24856,124,119888783975,44712,240,19856,116
23618,116,120180326355,43138,230,19520,114
22380,108,120067661910,40884,210,18504,102
21142,100,120150743651,38902,194,17760,94
11362,32,120047975526,23310,68,11948,36
19010,84,90462727333,35580,166,16570,82
17636,74,90414165065,33734,152,16098,78
16398,66,90024377359,31752,136,15354,70
15160,58,90010528374,29770,120,14610,62
13242,40,89956933548,25770,82,12528,42
13472,48,90072181240,26830,96,13358,48
10942,28,75243071784,22822,62,11880,34
11152,30,89799061432,23022,64,11870,34
10794,28,16448549529,22528,60,11734,32
10658,26,11330177860,22392,58,11734,32
152,2,160076,440,6,288,4
152,2,156345,440,6,288,4
1154,12,3047094,2320,24,1166,12
11230,32,2219128,23566,68,12336,36
1154,12,42891975,2320,24,1166,12
11094,30,42505020,23430,66,12336,36
152,2,159989,440,6,288,4
152,2,152361,440,6,288,4
152,2,160508,440,6,288,4
152,2,160394,440,6,288,4
1154,12,701425,2314,24,1160,12
152,2,160714,440,6,288,4
10794,28,6146063044,22528,60,11734,32
152,2,180819,440,6,288,4
11094,30,5994477,23470,66,12376,36
1154,12,750613,2448,26,1294,14
152,2,153852,440,6,288,4
152,2,152738,440,6,288,4
152,2,157293,440,6,288,4
152,2,152363,440,6,288,4
152,2,163099,440,6,288,4
1154,12,2724523,2322,24,1168,12
11094,30,2525403,23436,66,12342,36
152,2,158924,440,6,288,4
152,2,175778,440,6,288,4
152,2,150033,440,6,288,4
152,2,167118,440,6,288,4
152,2,149889,440,6,288,4
152,2,172109,440,6,288,4
152,2,153972,440,6,288,4
152,2,183377,440,6,288,4
152,2,205837,440,6,288,4
152,2,159279,440,6,288,4
152,2,153265,440,6,288,4
152,2,151536,440,6,288,4
152,2,162684,440,6,288,4
10732,26,30015775162,22330,56,11598,30
11094,30,2117816,23470,66,12376,36
1154,12,2619053,2314,24,1160,12
11094,30,2423225,23418,66,12324,36
152,2,168595,440,6,288,4
152,2,154397,440,6,288,4
152,2,511176227,440,6,288,4
152,2,155608,440,6,288,4
152,2,156182,440,6,288,4
152,2,173153,440,6,288,4
1154,12,38305934,2320,24,1166,12
11094,30,38116080,23430,66,12336,36
1154,12,514236974,2320,24,1166,12
11094,30,2943857,23428,66,12334,36
152,2,158396,440,6,288,4
152,2,149453,440,6,288,4
152,2,154335,440,6,288,4
152,2,150690,440,6,288,4
1018,10,683648,2314,24,1296,14
152,2,150411,440,6,288,4
152,2,157266,440,6,288,4
1154,12,738500,2448,26,1294,14
152,2,186296,440,6,288,4
10658,26,10051354977,22392,58,11734,32
11230,32,2844648,23606,68,12376,36
152,2,146845,440,6,288,4
152,2,177069,440,6,288,4
152,2,156610,440,6,288,4
152,2,147915,440,6,288,4
1154,12,2727200,2458,26,1304,14
11230,32,2515165,23572,68,12342,36
152,2,151365,440,6,288,4
152,2,153499,440,6,288,4
152,2,158906,440,6,288,4
152,2,157532,440,6,288,4
152,2,155716,440,6,288,4
152,2,147856,440,6,288,4
152,2,185063,440,6,288,4
152,2,178137,440,6,288,4
152,2,159569,440,6,288,4
152,2,152465,440,6,288,4
152,2,157987,440,6,288,4
152,2,151109,440,6,288,4
152,2,146287,440,6,288,4
10794,28,4931525792,22528,60,11734,32
11094,30,2441553,23470,66,12376,36
1154,12,3303137,2450,26,1296,14
11230,32,2305820,23554,68,12324,36
152,2,168738,440,6,288,4
152,2,169697,440,6,288,4
152,2,150809,440,6,288,4
152,2,159628,440,6,288,4
152,2,155227,440,6,288,4
152,2,153108,440,6,288,4
1154,12,533366797,2456,26,1302,14
11230,32,532582233,23566,68,12336,36
1018,10,2922941,2320,24,1302,14
11230,32,2184176,23566,68,12336,36
152,2,150729,440,6,288,4
152,2,149939,440,6,288,4
152,2,196565,440,6,288,4
1154,12,890312,2314,24,1160,12
152,2,199588,440,6,288,4
152,2,151149,440,6,288,4
152,2,195335,440,6,288,4
1154,12,726099,2448,26,1294,14
152,2,177055,440,6,288,4
152,2,156036,440,6,288,4
10868,28,29952397259,22466,58,11598,30
11094,30,2889058,23470,66,12376,36
152,2,154925,440,6,288,4
152,2,156605,440,6,288,4
152,2,156688,440,6,288,4
1154,12,3385334,2322,24,1168,12
11230,32,2929510,23572,68,12342,36
152,2,152744,440,6,288,4
152,2,176435,440,6,288,4
152,2,159241,440,6,288,4
152,2,161552,440,6,288,4
152,2,177465,440,6,288,4
152,2,156502,440,6,288,4
152,2,183824,440,6,288,4
152,2,171395,440,6,288,4
152,2,159494,440,6,288,4
152,2,149869,440,6,288,4
152,2,160707,440,6,288,4
152,2,155221,440,6,288,4
152,2,148440,440,6,288,4
10794,28,12804611701,22528,60,11734,32
11230,32,2289887,23606,68,12376,36
1154,12,3061997,2450,26,1296,14
11230,32,2254270,23554,68,12324,36
152,2,149173,440,6,288,4
152,2,158986,440,6,288,4
152,2,156328,440,6,288,4
152,2,156248,440,6,288,4
152,2,154091,440,6,288,4
152,2,152335,440,6,288,4
1154,12,3423214,2320,24,1166,12
11230,32,2488760,23566,68,12336,36
1154,12,2922528,2456,26,1302,14
11230,32,2143181,23566,68,12336,36
152,2,163854,440,6,288,4
152,2,158030,440,6,288,4
152,2,154561,440,6,288,4
1154,12,682915,2314,24,1160,12
152,2,148022,440,6,288,4
152,2,165475,440,6,288,4
152,2,151390,440,6,288,4
1154,12,751050,2448,26,1294,14
152,2,173933,440,6,288,4
152,2,152778,440,6,288,4
152,2,154287,440,6,288,4
152,2,157163,440,6,288,4
152,2,160279,440,6,288,4
152,2,155380,440,6,288,4
1154,12,2795215,2458,26,1304,14
11230,32,2801530,23572,68,12342,36
10794,28,6565065525,22528,60,11734,32
11230,32,2449653,23606,68,12376,36
152,2,155679,440,6,288,4
152,2,150696,440,6,288,4
152,2,155393,440,6,288,4
152,2,152931,440,6,288,4
152,2,177130,440,6,288,4
152,2,157252,440,6,288,4
152,2,192602,440,6,288,4
152,2,151350,440,6,288,4
152,2,159440,440,6,288,4
152,2,152571,440,6,288,4
152,2,152331,440,6,288,4
152,2,177184,440,6,288,4
1018,10,3497735,2314,24,1296,14
11230,32,3077809,23554,68,12324,36
152,2,175798,440,6,288,4
152,2,151918,440,6,288,4
152,2,146752,440,6,288,4
10658,26,1445258562,22392,58,11734,32
11230,32,3047264,23606,68,12376,36
152,2,149121,440,6,288,4
152,2,151956,440,6,288,4
152,2,170977,440,6,288,4
1154,12,2757124,2320,24,1166,12
11230,32,2052484,23566,68,12336,36
1154,12,3741896,2456,26,1302,14
11230,32,2981065,23566,68,12336,36
152,2,151263,440,6,288,4
152,2,151663,440,6,288,4
152,2,161697,440,6,288,4
1154,12,800348,2450,26,1296,14
152,2,163284,440,6,288,4
152,2,160292,440,6,288,4
152,2,166501,440,6,288,4
1154,12,787965,2448,26,1294,14
152,2,169942,440,6,288,4
152,2,153650,440,6,288,4
152,2,198936,440,6,288,4
152,2,149324,440,6,288,4
152,2,151491,440,6,288,4
152,2,180140,440,6,288,4
1154,12,2756531,2458,26,1304,14
11230,32,2552306,23572,68,12342,36
152,2,172268,440,6,288,4
152,2,150066,440,6,288,4
152,2,159691,440,6,288,4
152,2,157940,440,6,288,4
10522,24,1519001,21984,52,11462,28
11230,32,2478118,23606,68,12376,36
152,2,149567,440,6,288,4
152,2,174125,440,6,288,4
152,2,172809,440,6,288,4
152,2,152607,440,6,288,4
152,2,148555,440,6,288,4
152,2,160910,440,6,288,4
152,2,151609,440,6,288,4
152,2,152382,440,6,288,4
1154,12,3154514,2314,24,1160,12
11230,32,2123607,23554,68,12324,36
152,2,183055,440,6,288,4
152,2,152481,440,6,288,4
152,2,158887,440,6,288,4
152,2,165115,440,6,288,4
152,2,152436,440,6,288,4
152,2,157131,440,6,288,4
1154,12,2842130,2456,26,1302,14
11230,32,2069689,23566,68,12336,36
1154,12,3022213,2456,26,1302,14
11230,32,2209041,23566,68,12336,36
152,2,154144,440,6,288,4
152,2,149740,440,6,288,4
152,2,180065,440,6,288,4
1154,12,770480,2450,26,1296,14
152,2,149109,440,6,288,4
10522,24,1818507,21984,52,11462,28
11094,30,2805672,23470,66,12376,36
152,2,183120,440,6,288,4
152,2,154118,440,6,288,4
1154,12,759940,2448,26,1294,14
152,2,182016,440,6,288,4
152,2,157337,440,6,288,4
152,2,171888,440,6,288,4
152,2,155288,440,6,288,4
152,2,151354,440,6,288,4
152,2,153031,440,6,288,4
1154,12,2822546,2458,26,1304,14
11230,32,2046849,23572,68,12342,36
152,2,186279,440,6,288,4
152,2,154358,440,6,288,4
152,2,152024,440,6,288,4
152,2,154183,440,6,288,4
152,2,153977,440,6,288,4
152,2,162289,440,6,288,4
10522,24,1519308,21984,52,11462,28
11230,32,2313342,23606,68,12376,36
152,2,166206,440,6,288,4
152,2,150696,440,6,288,4
152,2,150677,440,6,288,4
152,2,163648,440,6,288,4
152,2,147718,440,6,288,4
152,2,188437,440,6,288,4
1154,12,3110462,2450,26,1296,14
11230,32,2933331,23554,68,12324,36
152,2,168158,440,6,288,4
152,2,151110,440,6,288,4
152,2,150908,440,6,288,4
3633126,22262,929280039544,5822212,44524,2189086,22262
92,1,45623,184,2,92,1
92,1,29243,184,2,92,1
92,1,31993,184,2,92,1
101868,118,919296785469,110216,239,8348,121
440530,470,910087587981,2350680,1348,1910150,878
220265,235,910087554366,1175340,674,955075,439
16687668,4883,910077266112,95153321,14905,78465653,10022
7734,80,900444754493,17780,194,10046,114
103174,1110,900446980827,291846,2220,188672,1110
8142,86,899937233229,17644,192,9502,106
373818,3968,900447737805,993892,7416,620074,3448
1124728,9556,913670304601,5243464,26984,4118736,17428
4080,60,890624033249,8160,120,4080,60
4080,60,890624615527,8160,120,4080,60
8278,88,899999891603,18188,200,9910,112
80338,858,900511524973,249506,1740,169168,882
4080,60,890880751294,8160,120,4080,60
6708,66,870044013843,16952,184,10244,118
3672,54,798472777449,7344,108,3672,54
22400,178,570488516956,59230,376,36830,198
18184,120,459066923261,42872,254,24688,134
66068,392,465078344661,102170,642,36102,250
102072,1354,450237881416,304308,2712,202236,1358
80720,1040,450196173405,255820,2092,175100,1052
244472,3446,450099163888,901180,8260,656708,4814
16250,86,450154860819,31388,150,15138,64
2796,38,461321744327,6486,78,3690,40
243856,1574,450148158246,371626,2740,127770,1166
242070,1562,450077005462,364780,2658,122710,1096
240832,1554,449948592945,366198,2692,125366,1138
239594,1546,450138989268,364080,2674,124486,1128
238430,1538,449955858027,364076,2686,125646,1148
237056,1528,450145105657,363590,2692,126534,1164
235818,1520,450150931609,360248,2656,124430,1136
234852,1516,449983995139,359626,2660,124774,1144
233066,1504,450204258821,355908,2624,122842,1120
231144,1490,450183077161,354774,2626,123630,1136
229696,1480,420198556652,353460,2622,123764,1142
227910,1468,419860073556,350150,2592,122240,1124
226462,1458,420366887542,346190,2548,119728,1090
224952,1446,420032257561,345976,2558,121024,1112
223166,1434,419926020299,342938,2532,119772,1098
221726,1426,420151788759,338478,2484,116752,1058
220624,1420,420000471593,338400,2496,117776,1076
219250,1410,420350355112,339818,2530,120568,1120
218012,1402,420539596893,339196,2534,121184,1132
216774,1394,420505376965,330958,2426,114184,1032
215536,1386,420095775604,333736,2480,118200,1094
214644,1382,420113889742,331148,2454,116504,1072
212586,1366,420160174678,327566,2420,114980,1054
210936,1356,420086671562,323712,2382,112776,1026
209698,1348,420157675376,322138,2372,112440,1024
208460,1340,420249473412,323828,2410,115368,1070
207012,1330,389924754942,320610,2378,113598,1048
205502,1318,389930046221,317540,2346,112038,1028
203642,1306,390294689475,316332,2348,112690,1042
201720,1292,390234198403,311118,2290,109398,998
200206,1284,390207572434,312024,2322,111818,1038
198696,1272,390112614242,309090,2292,110394,1020
197120,1262,390011644296,307758,2290,110638,1028
196018,1256,390056286309,304688,2258,108670,1002
194232,1244,390318217122,304506,2274,110274,1030
192994,1236,390219058509,303204,2268,110210,1032
191756,1228,390426617844,299590,2228,107834,1000
190456,1218,390475799657,293058,2144,102602,926
189626,1216,390015912455,296244,2204,106618,988
188388,1208,390250134131,295486,2206,107098,998
186738,1198,390230982730,291496,2166,104758,968
185364,1188,390139045839,287746,2124,102382,936
183780,1176,360162596430,290104,2174,106324,998
182406,1166,360358324333,287442,2148,105036,982
180958,1156,360152513198,279538,2046,98580,890
179856,1150,360031519842,282180,2098,102324,948
178346,1138,360238681393,279654,2074,101308,936
176770,1128,360236617862,279818,2094,103048,966
175256,1120,360565345933,275964,2056,100708,936
173746,1108,360237162545,274254,2044,100508,936
172232,1100,360503703874,271352,2020,99120,920
170310,1086,360506115122,266682,1970,96372,884
169072,1078,360121668325,268372,2008,99300,930
167908,1070,359877789828,267144,2002,99236,932
166670,1062,359975551961,265706,1994,99036,932
165704,1058,360381012059,261412,1944,95708,886
164194,1046,360410025805,260926,1950,96732,904
162544,1036,360130021926,251632,1832,89088,796
160960,1024,330077087530,253990,1882,93030,858
159858,1018,330264951814,256224,1928,96366,910
157862,1004,330092920205,253112,1902,95250,898
156076,992,330107147851,248986,1860,92910,868
154838,984,330081991521,248228,1862,93390,878
153464,974,330335425001,244342,1818,90878,844
151542,960,270056029143,243468,1826,91926,866
150168,950,269888650282,240398,1794,90230,844
148382,938,269860973875,238448,1784,90066,846
147280,932,270271260004,236738,1772,89458,840
146042,924,270083220242,231764,1712,85722,788
144804,916,270476820063,233182,1746,88378,830
143430,906,270077832579,226576,1662,83146,756
141780,896,270143291678,228162,1704,86382,808
140406,886,270386015587,225636,1680,85230,794
138620,874,269864408225,222326,1650,83706,776
137044,864,270154627389,220586,1642,83542,778
135942,858,270104563209,219692,1642,83750,784
134156,846,270270421806,217606,1630,83450,784
132918,838,269876885290,211408,1552,78490,714
131334,826,240053016865,207510,1510,76176,684
129960,816,240396416838,210424,1566,80464,750
128722,808,240165009806,208306,1548,79584,740
127620,802,239941077880,207956,1556,80336,754
125834,790,239901859075,203966,1516,78132,726
124596,782,240082183489,201304,1490,76708,708
123222,772,240158528479,200682,1494,77460,722
121984,764,240155740520,198564,1476,76580,712
120198,752,240407231079,196478,1464,76280,712
119096,746,240168581295,191912,1410,72816,664
118068,740,240059177207,191500,1416,73432,676
116282,728,240355295610,187646,1378,71364,650
115044,720,240198245270,186344,1372,71300,652
113806,712,239976296495,181506,1314,67700,602
112020,700,240309886460,184452,1376,72432,676
110782,692,240195598467,180294,1328,69512,636
109198,680,210078569900,177620,1304,68422,624
107688,668,209923856916,173326,1254,65638,586
106586,662,210483907989,175016,1292,68430,630
105484,656,210353365579,173170,1278,67686,622
104110,646,210289978558,170916,1258,66806,612
103008,640,210044018989,168662,1238,65654,598
101222,628,209922267455,166032,1218,64810,590
99848,618,210318998759,163642,1196,63794,578
98746,612,210237947270,160844,1168,62098,556
96824,598,210330011505,159166,1162,62342,564
95932,594,210139452921,156442,1134,60510,540
94010,580,209936556470,154628,1126,60618,546
92636,570,210360975194,151422,1092,58786,522
90986,560,210255242864,150696,1100,59710,540
89884,554,210414566010,144634,1024,54750,470
87752,538,180022743964,145800,1062,58048,524
85966,526,180097054145,143442,1046,57476,520
84180,514,180125871879,139996,1014,55816,500
82942,506,180014721726,137878,996,54936,490
81704,498,180165053319,136032,982,54328,484
952,14,184368978938,1904,28,952,14
80330,488,180081741658,132962,950,52632,462
79228,482,180150263533,132204,952,52976,470
77990,474,179980552381,127910,902,49920,428
76752,466,180180199473,128376,922,51624,456
75176,456,180063654527,125276,894,50100,438
73938,448,180438880617,123430,880,49492,432
72700,440,180255527649,121856,870,49156,430
71326,430,180140285332,119602,850,48276,420
69676,420,179895440744,116564,824,46888,404
67618,404,180292001020,113798,802,46180,398
65622,390,149881029029,109932,766,44310,376
64384,382,150469643795,107406,742,43022,360
63146,374,150150344958,106104,736,42958,362
62044,368,150162170040,103986,718,41942,350
60806,360,150235190296,101732,698,40926,338
59432,350,150282123568,100838,698,41406,348
58330,344,150134916720,98448,676,40118,332
57092,336,150234367033,93882,622,36790,286
55854,328,150122750325,94892,650,39038,322
54616,320,150141195171,92910,634,38294,314
53040,310,150137916083,89674,604,36634,294
51802,302,150013017741,87148,580,35346,278
50564,294,150343903390,86254,580,35690,286
49326,286,149948086656,84408,566,35082,280
47194,270,120328034103,80678,532,33484,262
45956,262,120222232097,77336,496,31380,234
44170,250,120032992174,75114,482,30944,232
11498,34,120636100468,23650,72,12152,38
42932,242,119930987117,73268,468,30336,226
41694,234,120203101015,71694,458,30000,224
40456,226,120186297817,68760,428,28304,202
39218,218,120122410402,68274,434,29056,216
37980,210,120376878929,66020,414,28040,204
36742,202,120248135093,63630,392,26888,190
34956,190,120310995561,61000,372,26044,182
33928,184,120099230189,59092,356,25164,172
32142,172,120115653870,56734,340,24592,168
30356,160,120053475943,53288,308,22932,148
29118,152,120320654214,51578,296,22460,144
27744,142,120135192304,49868,284,22124,142
11362,32,120265835190,23310,68,11948,36
26094,132,120083801435,46966,260,20872,128
24510,120,89936623292,44156,234,19646,114
23272,112,90228972777,42582,224,19310,112
22034,104,90115371805,40328,204,18294,100
20796,96,90198710388,38346,188,17550,92
11152,30,90095104124,22964,64,11812,34
19010,84,90462727333,35580,166,16570,82
17636,74,90414165065,33734,152,16098,78
16398,66,90024377359,31752,136,15354,70
15160,58,90010528374,29770,120,14610,62
13242,40,89956933548,25770,82,12528,42
13472,48,90072181240,26830,96,13358,48
10942,28,75243071784,22822,62,11880,34
11152,30,89799061432,23022,64,11870,34
10794,28,16448549529,22528,60,11734,32
10658,26,11330177860,22392,58,11734,32
152,2,160076,440,6,288,4
152,2,156345,440,6,288,4
1154,12,3047094,2320,24,1166,12
11230,32,2219128,23566,68,12336,36
1154,12,42891975,2320,24,1166,12
11094,30,42505020,23430,66,12336,36
152,2,159989,440,6,288,4
152,2,152361,440,6,288,4
152,2,160508,440,6,288,4
152,2,160394,440,6,288,4
1154,12,701425,2314,24,1160,12
152,2,160714,440,6,288,4
10794,28,6146063044,22528,60,11734,32
152,2,180819,440,6,288,4
11094,30,5994477,23470,66,12376,36
1154,12,750613,2448,26,1294,14
152,2,153852,440,6,288,4
152,2,152738,440,6,288,4
152,2,157293,440,6,288,4
152,2,152363,440,6,288,4
152,2,163099,440,6,288,4
1154,12,2724523,2322,24,1168,12
11094,30,2525403,23436,66,12342,36
152,2,158924,440,6,288,4
152,2,175778,440,6,288,4
152,2,150033,440,6,288,4
152,2,167118,440,6,288,4
152,2,149889,440,6,288,4
152,2,172109,440,6,288,4
152,2,153972,440,6,288,4
152,2,183377,440,6,288,4
152,2,205837,440,6,288,4
152,2,159279,440,6,288,4
152,2,153265,440,6,288,4
152,2,151536,440,6,288,4
152,2,162684,440,6,288,4
10732,26,30015775162,22330,56,11598,30
11094,30,2117816,23470,66,12376,36
1154,12,2619053,2314,24,1160,12
11094,30,2423225,23418,66,12324,36
152,2,168595,440,6,288,4
152,2,154397,440,6,288,4
152,2,511176227,440,6,288,4
152,2,155608,440,6,288,4
152,2,156182,440,6,288,4
152,2,173153,440,6,288,4
1154,12,38305934,2320,24,1166,12
11094,30,38116080,23430,66,12336,36
1154,12,514236974,2320,24,1166,12
11094,30,2943857,23428,66,12334,36
152,2,158396,440,6,288,4
152,2,149453,440,6,288,4
152,2,154335,440,6,288,4
152,2,150690,440,6,288,4
1018,10,683648,2314,24,1296,14
152,2,150411,440,6,288,4
152,2,157266,440,6,288,4
1154,12,738500,2448,26,1294,14
152,2,186296,440,6,288,4
10658,26,10051354977,22392,58,11734,32
11230,32,2844648,23606,68,12376,36
152,2,146845,440,6,288,4
152,2,177069,440,6,288,4
152,2,156610,440,6,288,4
152,2,147915,440,6,288,4
1154,12,2727200,2458,26,1304,14
11230,32,2515165,23572,68,12342,36
152,2,151365,440,6,288,4
152,2,153499,440,6,288,4
152,2,158906,440,6,288,4
152,2,157532,440,6,288,4
152,2,155716,440,6,288,4
152,2,147856,440,6,288,4
152,2,185063,440,6,288,4
152,2,178137,440,6,288,4
152,2,159569,440,6,288,4
152,2,152465,440,6,288,4
152,2,157987,440,6,288,4
152,2,151109,440,6,288,4
152,2,146287,440,6,288,4
10794,28,4931525792,22528,60,11734,32
11094,30,2441553,23470,66,12376,36
1154,12,3303137,2450,26,1296,14
11230,32,2305820,23554,68,12324,36
152,2,168738,440,6,288,4
152,2,169697,440,6,288,4
152,2,150809,440,6,288,4
152,2,159628,440,6,288,4
152,2,155227,440,6,288,4
152,2,153108,440,6,288,4
1154,12,533366797,2456,26,1302,14
11230,32,532582233,23566,68,12336,36
1018,10,2922941,2320,24,1302,14
11230,32,2184176,23566,68,12336,36
152,2,150729,440,6,288,4
152,2,149939,440,6,288,4
152,2,196565,440,6,288,4
1154,12,890312,2314,24,1160,12
152,2,199588,440,6,288,4
152,2,151149,440,6,288,4
152,2,195335,440,6,288,4
1154,12,726099,2448,26,1294,14
152,2,177055,440,6,288,4
152,2,156036,440,6,288,4
10658,26,3525600,22120,54,11462,28
11094,30,2889058,23470,66,12376,36
152,2,154925,440,6,288,4
152,2,156605,440,6,288,4
152,2,156688,440,6,288,4
1154,12,3385334,2322,24,1168,12
11230,32,2929510,23572,68,12342,36
152,2,152744,440,6,288,4
152,2,176435,440,6,288,4
152,2,159241,440,6,288,4
152,2,161552,440,6,288,4
152,2,177465,440,6,288,4
152,2,156502,440,6,288,4
152,2,183824,440,6,288,4
152,2,171395,440,6,288,4
152,2,159494,440,6,288,4
152,2,149869,440,6,288,4
152,2,160707,440,6,288,4
152,2,155221,440,6,288,4
152,2,148440,440,6,288,4
10794,28,12804611701,22528,60,11734,32
11230,32,2289887,23606,68,12376,36
1154,12,3061997,2450,26,1296,14
11230,32,2254270,23554,68,12324,36
152,2,149173,440,6,288,4
152,2,158986,440,6,288,4
152,2,156328,440,6,288,4
152,2,156248,440,6,288,4
152,2,154091,440,6,288,4
152,2,152335,440,6,288,4
1154,12,3423214,2320,24,1166,12
11230,32,2488760,23566,68,12336,36
1154,12,2922528,2456,26,1302,14
11230,32,2143181,23566,68,12336,36
152,2,163854,440,6,288,4
152,2,158030,440,6,288,4
152,2,154561,440,6,288,4
1154,12,682915,2314,24,1160,12
152,2,148022,440,6,288,4
152,2,165475,440,6,288,4
152,2,151390,440,6,288,4
1154,12,751050,2448,26,1294,14
152,2,173933,440,6,288,4
152,2,152778,440,6,288,4
152,2,154287,440,6,288,4
152,2,157163,440,6,288,4
152,2,160279,440,6,288,4
152,2,155380,440,6,288,4
1154,12,2795215,2458,26,1304,14
11230,32,2801530,23572,68,12342,36
10794,28,6565065525,22528,60,11734,32
11230,32,2449653,23606,68,12376,36
152,2,155679,440,6,288,4
152,2,150696,440,6,288,4
152,2,155393,440,6,288,4
152,2,152931,440,6,288,4
152,2,177130,440,6,288,4
152,2,157252,440,6,288,4
152,2,192602,440,6,288,4
152,2,151350,440,6,288,4
152,2,159440,440,6,288,4
152,2,152571,440,6,288,4
152,2,152331,440,6,288,4
152,2,177184,440,6,288,4
1018,10,3497735,2314,24,1296,14
11230,32,3077809,23554,68,12324,36
152,2,175798,440,6,288,4
152,2,151918,440,6,288,4
152,2,146752,440,6,288,4
10658,26,1445258562,22392,58,11734,32
11230,32,3047264,23606,68,12376,36
152,2,149121,440,6,288,4
152,2,151956,440,6,288,4
152,2,170977,440,6,288,4
1154,12,2757124,2320,24,1166,12
11230,32,2052484,23566,68,12336,36
1154,12,3741896,2456,26,1302,14
11230,32,2981065,23566,68,12336,36
152,2,151263,440,6,288,4
152,2,151663,440,6,288,4
152,2,161697,440,6,288,4
1154,12,800348,2450,26,1296,14
152,2,163284,440,6,288,4
152,2,160292,440,6,288,4
152,2,166501,440,6,288,4
1154,12,787965,2448,26,1294,14
152,2,169942,440,6,288,4
152,2,153650,440,6,288,4
152,2,198936,440,6,288,4
152,2,149324,440,6,288,4
152,2,151491,440,6,288,4
152,2,180140,440,6,288,4
1154,12,2756531,2458,26,1304,14
11230,32,2552306,23572,68,12342,36
152,2,172268,440,6,288,4
152,2,150066,440,6,288,4
152,2,159691,440,6,288,4
152,2,157940,440,6,288,4
10522,24,1519001,21984,52,11462,28
11230,32,2478118,23606,68,12376,36
152,2,149567,440,6,288,4
152,2,174125,440,6,288,4
152,2,172809,440,6,288,4
152,2,152607,440,6,288,4
152,2,148555,440,6,288,4
152,2,160910,440,6,288,4
152,2,151609,440,6,288,4
152,2,152382,440,6,288,4
1154,12,3154514,2314,24,1160,12
11230,32,2123607,23554,68,12324,36
152,2,183055,440,6,288,4
152,2,152481,440,6,288,4
152,2,158887,440,6,288,4
3593926,22022,919295834383,5759412,44044,2165486,22022
92,1,45623,184,2,92,1
92,1,29243,184,2,92,1
92,1,31993,184,2,92,1
101500,117,900352326670,109780,237,8280,120
436290,466,900447739572,2326862,1336,1890572,870
218145,233,900447707128,1163431,668,945286,435
16594053,4805,899925552551,94635128,14775,78041075,9970
7734,80,900444754493,17780,194,10046,114
103174,1110,900446980827,291846,2220,188672,1110
8142,86,899937233229,17644,192,9502,106
373818,3968,900447737805,993892,7416,620074,3448
1123312,9544,903522072152,5237544,26948,4114232,17404
4080,60,890624033249,8160,120,4080,60
4080,60,890624615527,8160,120,4080,60
7932,84,869988373435,17632,194,9700,110
79992,854,870495557673,248814,1732,168822,878
4080,60,890880751294,8160,120,4080,60
6708,66,870044013843,16952,184,10244,118
3536,52,767936019253,7072,104,3536,52
22190,176,540472544715,58884,372,36694,196
17640,112,450354977906,41194,238,23554,126
64800,384,453909117412,100430,630,35630,246
102072,1354,450237881416,304308,2712,202236,1358
80720,1040,450196173405,255820,2092,175100,1052
244472,3446,450099163888,901180,8260,656708,4814
16250,86,450154860819,31388,150,15138,64
2660,36,430791869920,6214,74,3554,38
243856,1574,450148158246,371626,2740,127770,1166
242070,1562,450077005462,364780,2658,122710,1096
240832,1554,449948592945,366198,2692,125366,1138
239594,1546,450138989268,364080,2674,124486,1128
238084,1534,419935627027,363520,2680,125436,1146
236846,1526,420129737664,363034,2686,126188,1160
235608,1518,420135365228,359692,2650,124084,1132
234506,1512,419967887026,359070,2654,124564,1142
232720,1500,420188212528,355352,2618,122632,1118
230798,1486,420167200071,354218,2620,123420,1134
229696,1480,420198556652,353460,2622,123764,1142
227910,1468,419860073556,350150,2592,122240,1124
226462,1458,420366887542,346190,2548,119728,1090
224952,1446,420032257561,345976,2558,121024,1112
223166,1434,419926020299,342938,2532,119772,1098
221726,1426,420151788759,338478,2484,116752,1058
220624,1420,420000471593,338400,2496,117776,1076
219250,1410,420350355112,339818,2530,120568,1120
218012,1402,420539596893,339196,2534,121184,1132
216774,1394,420505376965,330958,2426,114184,1032
215536,1386,420095775604,333736,2480,118200,1094
214298,1378,390097858589,330592,2448,116294,1070
212376,1364,390144014242,327010,2414,114634,1050
210590,1352,390075272579,323020,2374,112430,1022
209352,1344,390141602604,321582,2366,112230,1022
208114,1336,390237798019,323136,2402,115022,1066
207012,1330,389924754942,320610,2378,113598,1048
205502,1318,389930046221,317540,2346,112038,1028
203642,1306,390294689475,316332,2348,112690,1042
201720,1292,390234198403,311118,2290,109398,998
200206,1284,390207572434,312024,2322,111818,1038
198696,1272,390112614242,309090,2292,110394,1020
197120,1262,390011644296,307758,2290,110638,1028
196018,1256,390056286309,304688,2258,108670,1002
194232,1244,390318217122,304506,2274,110274,1030
192994,1236,390219058509,303204,2268,110210,1032
191756,1228,390426617844,299590,2228,107834,1000
190246,1216,360460444932,292502,2138,102256,922
189280,1212,360000240264,295688,2198,106408,986
188042,1204,360234040310,294794,2198,106752,994
186392,1194,360214945786,290804,2158,104412,964
185018,1184,360122973665,287054,2116,102036,932
183780,1176,360162596430,290104,2174,106324,998
182406,1166,360358324333,287442,2148,105036,982
180958,1156,360152513198,279538,2046,98580,890
179856,1150,360031519842,282180,2098,102324,948
178346,1138,360238681393,279654,2074,101308,936
176770,1128,360236617862,279818,2094,103048,966
175256,1120,360565345933,275964,2056,100708,936
173746,1108,360237162545,274254,2044,100508,936
172232,1100,360503703874,271352,2020,99120,920
170310,1086,360506115122,266682,1970,96372,884
169072,1078,360121668325,268372,2008,99300,930
167698,1068,329857379837,266588,1996,98890,928
166460,1060,329959646410,265150,1988,98690,928
165358,1054,330365765513,260720,1936,95362,882
163848,1042,330393948308,260370,1944,96522,902
162198,1032,330110275801,250940,1824,88742,792
160960,1024,330077087530,253990,1882,93030,858
159858,1018,330264951814,256224,1928,96366,910
157862,1004,330092920205,253112,1902,95250,898
156076,992,330107147851,248986,1860,92910,868
154838,984,330081991521,248228,1862,93390,878
153464,974,330335425001,244342,1818,90878,844
151542,960,270056029143,243468,1826,91926,866
150168,950,269888650282,240398,1794,90230,844
148382,938,269860973875,238448,1784,90066,846
147280,932,270271260004,236738,1772,89458,840
146042,924,270083220242,231764,1712,85722,788
144804,916,270476820063,233182,1746,88378,830
143430,906,270077832579,226576,1662,83146,756
141780,896,270143291678,228162,1704,86382,808
140406,886,270386015587,225636,1680,85230,794
138620,874,269864408225,222326,1650,83706,776
136698,860,240137870777,219894,1634,83196,774
135596,854,240093056717,219136,1636,83540,782
133810,842,240254422035,217050,1624,83240,782
132572,834,240367921801,210852,1546,78280,712
131334,826,240053016865,207510,1510,76176,684
129960,816,240396416838,210424,1566,80464,750
128722,808,240165009806,208306,1548,79584,740
127620,802,239941077880,207956,1556,80336,754
125834,790,239901859075,203966,1516,78132,726
124596,782,240082183489,201304,1490,76708,708
123222,772,240158528479,200682,1494,77460,722
121984,764,240155740520,198564,1476,76580,712
120198,752,240407231079,196478,1464,76280,712
119096,746,240168581295,191912,1410,72816,664
117722,736,210038757300,190808,1408,73086,672
115936,724,210339209315,186954,1370,71018,646
114698,716,210182243040,185652,1364,70954,648
113460,708,209960124254,180950,1308,67490,600
111674,696,210293894561,183896,1370,72222,674
110436,688,210179721602,179738,1322,69302,634
109198,680,210078569900,177620,1304,68422,624
107688,668,209923856916,173326,1254,65638,586
106586,662,210483907989,175016,1292,68430,630
105484,656,210353365579,173170,1278,67686,622
104110,646,210289978558,170916,1258,66806,612
103008,640,210044018989,168662,1238,65654,598
101222,628,209922267455,166032,1218,64810,590
99848,618,210318998759,163642,1196,63794,578
98746,612,210237947270,160844,1168,62098,556
96824,598,210330011505,159166,1162,62342,564
95586,590,180123538433,155886,1128,60300,538
93664,576,179925387435,154072,1120,60408,544
92426,568,180344930224,150866,1086,58440,518
90640,556,180239165877,150004,1092,59364,536
89538,550,180395381071,143942,1016,54404,466
87752,538,180022743964,145800,1062,58048,524
85966,526,180097054145,143442,1046,57476,520
84180,514,180125871879,139996,1014,55816,500
82942,506,180014721726,137878,996,54936,490
81704,498,180165053319,136032,982,54328,484
952,14,184368978938,1904,28,952,14
80330,488,180081741658,132962,950,52632,462
79228,482,180150263533,132204,952,52976,470
77990,474,179980552381,127910,902,49920,428
76752,466,180180199473,128376,922,51624,456
74830,452,150043233115,124584,886,49754,434
73592,444,150422789056,122738,872,49146,428
72354,436,150244016478,121164,862,48810,426
70980,426,150124168550,118910,842,47930,416
69330,416,149879375954,116008,818,46678,402
67408,402,150274001696,113242,796,45834,394
65622,390,149881029029,109932,766,44310,376
64384,382,150469643795,107406,742,43022,360
63146,374,150150344958,106104,736,42958,362
62044,368,150162170040,103986,718,41942,350
60806,360,150235190296,101732,698,40926,338
59432,350,150282123568,100838,698,41406,348
58330,344,150134916720,98448,676,40118,332
57092,336,150234367033,93882,622,36790,286
55854,328,150122750325,94892,650,39038,322
54616,320,150141195171,92910,634,38294,314
52694,306,120121935869,89118,598,36424,292
51456,298,119996941241,86592,574,35136,276
50218,290,120327860318,85698,574,35480,284
48980,282,119932014424,83852,560,34872,278
47194,270,120328034103,80678,532,33484,262
45956,262,120222232097,77336,496,31380,234
44170,250,120032992174,75114,482,30944,232
11498,34,120636100468,23650,72,12152,38
42932,242,119930987117,73268,468,30336,226
41694,234,120203101015,71694,458,30000,224
40456,226,120186297817,68760,428,28304,202
39218,218,120122410402,68274,434,29056,216
37980,210,120376878929,66020,414,28040,204
36742,202,120248135093,63630,392,26888,190
34956,190,120310995561,61000,372,26044,182
33582,180,90083192686,58536,350,24954,170
31796,168,90099814049,56178,334,24382,166
30010,156,90037505459,52732,302,22722,146
28772,148,90304680190,51022,290,22250,142
27398,138,90119309517,49312,278,21914,140
11152,30,90250393319,22964,64,11812,34
25748,128,90063935063,46410,254,20662,126
24510,120,89936623292,44156,234,19646,114
23272,112,90228972777,42582,224,19310,112
22034,104,90115371805,40328,204,18294,100
20796,96,90198710388,38346,188,17550,92
11152,30,90095104124,22964,64,11812,34
19010,84,90462727333,35580,166,16570,82
17636,74,90414165065,33734,152,16098,78
16398,66,90024377359,31752,136,15354,70
15160,58,90010528374,29770,120,14610,62
13242,40,89956933548,25770,82,12528,42
13472,48,90072181240,26830,96,13358,48
10942,28,75243071784,22822,62,11880,34
10942,28,59779105467,22676,60,11734,32
10794,28,16448549529,22528,60,11734,32
10658,26,11330177860,22392,58,11734,32
152,2,160076,440,6,288,4
152,2,156345,440,6,288,4
1154,12,3047094,2320,24,1166,12
11230,32,2219128,23566,68,12336,36
1154,12,42891975,2320,24,1166,12
11094,30,42505020,23430,66,12336,36
152,2,159989,440,6,288,4
152,2,152361,440,6,288,4
152,2,160508,440,6,288,4
152,2,160394,440,6,288,4
1154,12,701425,2314,24,1160,12
152,2,160714,440,6,288,4
10794,28,6146063044,22528,60,11734,32
152,2,180819,440,6,288,4
11094,30,5994477,23470,66,12376,36
1154,12,750613,2448,26,1294,14
152,2,153852,440,6,288,4
152,2,152738,440,6,288,4
152,2,157293,440,6,288,4
152,2,152363,440,6,288,4
152,2,163099,440,6,288,4
1154,12,2724523,2322,24,1168,12
11094,30,2525403,23436,66,12342,36
152,2,158924,440,6,288,4
152,2,175778,440,6,288,4
152,2,150033,440,6,288,4
152,2,167118,440,6,288,4
152,2,149889,440,6,288,4
152,2,172109,440,6,288,4
152,2,153972,440,6,288,4
152,2,183377,440,6,288,4
152,2,205837,440,6,288,4
152,2,159279,440,6,288,4
152,2,153265,440,6,288,4
152,2,151536,440,6,288,4
152,2,162684,440,6,288,4
10732,26,30015775162,22330,56,11598,30
11094,30,2117816,23470,66,12376,36
1154,12,2619053,2314,24,1160,12
11094,30,2423225,23418,66,12324,36
152,2,168595,440,6,288,4
152,2,154397,440,6,288,4
152,2,511176227,440,6,288,4
152,2,155608,440,6,288,4
152,2,156182,440,6,288,4
152,2,173153,440,6,288,4
1154,12,38305934,2320,24,1166,12
11094,30,38116080,23430,66,12336,36
1154,12,514236974,2320,24,1166,12
11094,30,2943857,23428,66,12334,36
152,2,158396,440,6,288,4
152,2,149453,440,6,288,4
152,2,154335,440,6,288,4
152,2,150690,440,6,288,4
1018,10,683648,2314,24,1296,14
152,2,150411,440,6,288,4
152,2,157266,440,6,288,4
1154,12,738500,2448,26,1294,14
152,2,186296,440,6,288,4
10658,26,10051354977,22392,58,11734,32
11230,32,2844648,23606,68,12376,36
152,2,146845,440,6,288,4
152,2,177069,440,6,288,4
152,2,156610,440,6,288,4
152,2,147915,440,6,288,4
1154,12,2727200,2458,26,1304,14
11230,32,2515165,23572,68,12342,36
152,2,151365,440,6,288,4
152,2,153499,440,6,288,4
152,2,158906,440,6,288,4
152,2,157532,440,6,288,4
152,2,155716,440,6,288,4
152,2,147856,440,6,288,4
152,2,185063,440,6,288,4
152,2,178137,440,6,288,4
152,2,159569,440,6,288,4
152,2,152465,440,6,288,4
152,2,157987,440,6,288,4
152,2,151109,440,6,288,4
152,2,146287,440,6,288,4
10794,28,4931525792,22528,60,11734,32
11094,30,2441553,23470,66,12376,36
1154,12,3303137,2450,26,1296,14
11230,32,2305820,23554,68,12324,36
152,2,168738,440,6,288,4
152,2,169697,440,6,288,4
152,2,150809,440,6,288,4
152,2,159628,440,6,288,4
152,2,155227,440,6,288,4
152,2,153108,440,6,288,4
1154,12,533366797,2456,26,1302,14
11230,32,532582233,23566,68,12336,36
1018,10,2922941,2320,24,1302,14
11230,32,2184176,23566,68,12336,36
152,2,150729,440,6,288,4
152,2,149939,440,6,288,4
152,2,196565,440,6,288,4
1154,12,890312,2314,24,1160,12
152,2,199588,440,6,288,4
152,2,151149,440,6,288,4
152,2,195335,440,6,288,4
1154,12,726099,2448,26,1294,14
152,2,177055,440,6,288,4
152,2,156036,440,6,288,4
10658,26,3525600,22120,54,11462,28
11094,30,2889058,23470,66,12376,36
152,2,154925,440,6,288,4
152,2,156605,440,6,288,4
152,2,156688,440,6,288,4
1154,12,3385334,2322,24,1168,12
11230,32,2929510,23572,68,12342,36
152,2,152744,440,6,288,4
152,2,176435,440,6,288,4
152,2,159241,440,6,288,4
152,2,161552,440,6,288,4
152,2,177465,440,6,288,4
152,2,156502,440,6,288,4
152,2,183824,440,6,288,4
152,2,171395,440,6,288,4
152,2,159494,440,6,288,4
152,2,149869,440,6,288,4
152,2,160707,440,6,288,4
152,2,155221,440,6,288,4
152,2,148440,440,6,288,4
10658,26,4084775,22120,54,11462,28
11230,32,2289887,23606,68,12376,36
1154,12,3061997,2450,26,1296,14
11230,32,2254270,23554,68,12324,36
152,2,149173,440,6,288,4
152,2,158986,440,6,288,4
152,2,156328,440,6,288,4
152,2,156248,440,6,288,4
152,2,154091,440,6,288,4
152,2,152335,440,6,288,4
1154,12,3423214,2320,24,1166,12
11230,32,2488760,23566,68,12336,36
1154,12,2922528,2456,26,1302,14
11230,32,2143181,23566,68,12336,36
152,2,163854,440,6,288,4
152,2,158030,440,6,288,4
152,2,154561,440,6,288,4
1154,12,682915,2314,24,1160,12
152,2,148022,440,6,288,4
152,2,165475,440,6,288,4
152,2,151390,440,6,288,4
1154,12,751050,2448,26,1294,14
152,2,173933,440,6,288,4
152,2,152778,440,6,288,4
152,2,154287,440,6,288,4
152,2,157163,440,6,288,4
152,2,160279,440,6,288,4
152,2,155380,440,6,288,4
1154,12,2795215,2458,26,1304,14
11230,32,2801530,23572,68,12342,36
10658,26,3316625,22120,54,11462,28
11230,32,2449653,23606,68,12376,36
152,2,155679,440,6,288,4
152,2,150696,440,6,288,4
152,2,155393,440,6,288,4
152,2,152931,440,6,288,4
152,2,177130,440,6,288,4
152,2,157252,440,6,288,4
152,2,192602,440,6,288,4
152,2,151350,440,6,288,4
152,2,159440,440,6,288,4
152,2,152571,440,6,288,4
152,2,152331,440,6,288,4
152,2,177184,440,6,288,4
1018,10,3497735,2314,24,1296,14
11230,32,3077809,23554,68,12324,36
152,2,175798,440,6,288,4
152,2,151918,440,6,288,4
152,2,146752,440,6,288,4
3554726,21782,909151688072,5696612,43564,2141886,21782
92,1,45623,184,2,92,1
92,1,29243,184,2,92,1
99180,115,889285034441,107324,233,8144,118
431134,462,890117202611,2299070,1324,1867936,862
215567,231,890117168932,1149535,662,933968,431
16478229,4731,890111625921,93987495,14634,77509266,9903
7524,78,870428675478,17224,188,9700,110
102828,1106,870430963804,291154,2212,188326,1106
7796,82,869921298178,17088,186,9292,104
373472,3964,870432683043,993200,7408,619728,3444
1122132,9534,893696997653,5232638,26918,4110506,17384
4080,60,890624033249,8160,120,4080,60
4080,60,890624615527,8160,120,4080,60
7932,84,869988373435,17632,194,9700,110
79992,854,870495557673,248814,1732,168822,878
3944,58,860351959063,7888,116,3944,58
6708,66,870044013843,16952,184,10244,118
3536,52,767936019253,7072,104,3536,52
22190,176,540472544715,58884,372,36694,196
17430,110,432538975657,40848,234,23418,124
64030,378,447669484909,99214,620,35184,242
101862,1352,420227835003,303962,2708,202100,1356
80510,1038,420186111662,255474,2088,174964,1050
244262,3444,420089104606,900834,8256,656572,4812
15904,82,420138916195,30832,144,14928,62
2660,36,430791869920,6214,74,3554,38
243510,1570,420132067439,370934,2732,127424,1162
241724,1558,420061132506,364088,2650,122364,1092
240486,1550,419928610953,365642,2686,125156,1136
239248,1542,420123555830,363524,2668,124276,1126
238084,1534,419935627027,363520,2680,125436,1146
236846,1526,420129737664,363034,2686,126188,1160
235608,1518,420135365228,359692,2650,124084,1132
234506,1512,419967887026,359070,2654,124564,1142
232720,1500,420188212528,355352,2618,122632,1118
230798,1486,420167200071,354218,2620,123420,1134
229696,1480,420198556652,353460,2622,123764,1142
227910,1468,419860073556,350150,2592,122240,1124
226462,1458,420366887542,346190,2548,119728,1090
224952,1446,420032257561,345976,2558,121024,1112
223166,1434,419926020299,342938,2532,119772,1098
221516,1424,390167538395,337922,2478,116406,1054
220278,1416,389984382637,337708,2488,117430,1072
219040,1408,390334663092,339262,2524,120222,1116
217802,1400,390523635149,338640,2528,120838,1128
216564,1392,390489563746,330402,2420,113838,1028
215326,1384,390084559200,333180,2474,117854,1090
214298,1378,390097858589,330592,2448,116294,1070
212376,1364,390144014242,327010,2414,114634,1050
210590,1352,390075272579,323020,2374,112430,1022
209352,1344,390141602604,321582,2366,112230,1022
208114,1336,390237798019,323136,2402,115022,1066
207012,1330,389924754942,320610,2378,113598,1048
205502,1318,389930046221,317540,2346,112038,1028
203642,1306,390294689475,316332,2348,112690,1042
201720,1292,390234198403,311118,2290,109398,998
200206,1284,390207572434,312024,2322,111818,1038
198696,1272,390112614242,309090,2292,110394,1020
196910,1260,360027805201,307202,2284,110292,1024
195672,1252,360042479093,304132,2252,108460,1000
193886,1240,360302735683,303814,2266,109928,1026
192648,1232,360203878439,302512,2260,109864,1028
191410,1224,360410576138,298898,2220,107488,996
190246,1216,360460444932,292502,2138,102256,922
189280,1212,360000240264,295688,2198,106408,986
188042,1204,360234040310,294794,2198,106752,994
186392,1194,360214945786,290804,2158,104412,964
185018,1184,360122973665,287054,2116,102036,932
183780,1176,360162596430,290104,2174,106324,998
182406,1166,360358324333,287442,2148,105036,982
180958,1156,360152513198,279538,2046,98580,890
179856,1150,360031519842,282180,2098,102324,948
178346,1138,360238681393,279654,2074,101308,936
176560,1126,330252755538,279262,2088,102702,962
174910,1116,330549455868,275272,2048,100362,932
173536,1106,330221389507,273698,2038,100162,932
171886,1096,330487639604,270660,2012,98774,916
170100,1084,330490247071,266126,1964,96026,880
168862,1076,330110451377,267816,2002,98954,926
167698,1068,329857379837,266588,1996,98890,928
166460,1060,329959646410,265150,1988,98690,928
165358,1054,330365765513,260720,1936,95362,882
163848,1042,330393948308,260370,1944,96522,902
162198,1032,330110275801,250940,1824,88742,792
160960,1024,330077087530,253990,1882,93030,858
159858,1018,330264951814,256224,1928,96366,910
157862,1004,330092920205,253112,1902,95250,898
156076,992,330107147851,248986,1860,92910,868
154838,984,330081991521,248228,1862,93390,878
153464,974,330335425001,244342,1818,90878,844
151542,960,270056029143,243468,1826,91926,866
150168,950,269888650282,240398,1794,90230,844
148382,938,269860973875,238448,1784,90066,846
147280,932,270271260004,236738,1772,89458,840
146042,924,270083220242,231764,1712,85722,788
144458,912,240460730167,232626,1740,88168,828
143084,902,240061962509,225884,1654,82800,752
141434,892,240123662494,227606,1698,86172,806
140196,884,240370103359,225080,1674,84884,790
138410,872,240358167368,221770,1644,83360,772
136698,860,240137870777,219894,1634,83196,774
135596,854,240093056717,219136,1636,83540,782
133810,842,240254422035,217050,1624,83240,782
132572,834,240367921801,210852,1546,78280,712
131334,826,240053016865,207510,1510,76176,684
129960,816,240396416838,210424,1566,80464,750
128722,808,240165009806,208306,1548,79584,740
127620,802,239941077880,207956,1556,80336,754
125834,790,239901859075,203966,1516,78132,726
124596,782,240082183489,201304,1490,76708,708
123012,770,210142855598,200126,1488,77114,718
121774,762,210136114738,198008,1470,76234,708
119988,750,210391470146,195922,1458,75934,708
118750,742,210154741269,191220,1402,72470,660
117722,736,210038757300,190808,1408,73086,672
115936,724,210339209315,186954,1370,71018,646
114698,716,210182243040,185652,1364,70954,648
113460,708,209960124254,180950,1308,67490,600
111674,696,210293894561,183896,1370,72222,674
110436,688,210179721602,179738,1322,69302,634
109198,680,210078569900,177620,1304,68422,624
107688,668,209923856916,173326,1254,65638,586
106586,662,210483907989,175016,1292,68430,630
105484,656,210353365579,173170,1278,67686,622
104110,646,210289978558,170916,1258,66806,612
102662,636,180060923324,167970,1230,65308,594
100876,624,179913951706,165476,1212,64600,588
99638,616,180303265890,163086,1190,63448,574
98400,608,180225925057,160152,1160,61752,552
96478,594,180314099686,158610,1156,62132,562
95586,590,180123538433,155886,1128,60300,538
93664,576,179925387435,154072,1120,60408,544
92426,568,180344930224,150866,1086,58440,518
90640,556,180239165877,150004,1092,59364,536
89538,550,180395381071,143942,1016,54404,466
87752,538,180022743964,145800,1062,58048,524
85966,526,180097054145,143442,1046,57476,520
84180,514,180125871879,139996,1014,55816,500
82942,506,180014721726,137878,996,54936,490
81704,498,180165053319,136032,982,54328,484
816,12,153838709198,1632,24,816,12
80120,486,150066528943,132406,944,52286,458
78882,478,150134323072,131648,946,52766,468
77644,470,149968565420,127354,896,49710,426
76406,462,150164402995,127820,916,51414,454
74830,452,150043233115,124584,886,49754,434
73592,444,150422789056,122738,872,49146,428
72354,436,150244016478,121164,862,48810,426
70980,426,150124168550,118910,842,47930,416
69330,416,149879375954,116008,818,46678,402
67408,402,150274001696,113242,796,45834,394
65622,390,149881029029,109932,766,44310,376
64384,382,150469643795,107406,742,43022,360
63146,374,150150344958,106104,736,42958,362
62044,368,150162170040,103986,718,41942,350
60806,360,150235190296,101732,698,40926,338
59222,348,119993443853,100282,692,41060,344
57984,340,120118997149,97892,670,39908,330
56746,332,120218305374,93326,616,36580,284
55508,324,120107034972,94200,642,38692,318
54270,316,120126133526,92218,626,37948,310
52694,306,120121935869,89118,598,36424,292
51456,298,119996941241,86592,574,35136,276
50218,290,120327860318,85698,574,35480,284
48980,282,119932014424,83852,560,34872,278
47194,270,120328034103,80678,532,33484,262
45956,262,120222232097,77336,496,31380,234
44170,250,120032992174,75114,482,30944,232
11498,34,120636100468,23650,72,12152,38
42932,242,119930987117,73268,468,30336,226
41694,234,120203101015,71694,458,30000,224
40456,226,120186297817,68760,428,28304,202
38872,214,90106548760,67718,428,28846,214
37634,206,90360921254,65464,408,27830,202
36396,198,90232362550,63074,386,26678,188
34610,186,90295028821,60444,366,25834,180
33582,180,90083192686,58536,350,24954,170
31796,168,90099814049,56178,334,24382,166
30010,156,90037505459,52732,302,22722,146
28772,148,90304680190,51022,290,22250,142
27398,138,90119309517,49312,278,21914,140
11152,30,90250393319,22964,64,11812,34
25748,128,90063935063,46410,254,20662,126
24510,120,89936623292,44156,234,19646,114
23272,112,90228972777,42582,224,19310,112
22034,104,90115371805,40328,204,18294,100
20796,96,90198710388,38346,188,17550,92
11152,30,90095104124,22964,64,11812,34
18664,80,60478598761,35024,160,16360,80
17290,70,60398029076,33042,144,15752,74
16052,62,60008203370,31060,128,15008,66
14814,54,59994405960,29078,112,14264,58
13032,38,59940996744,25424,78,12392,40
13126,44,60058886533,26274,90,13148,46
10942,28,75243071784,22822,62,11880,34
10942,28,59779105467,22676,60,11734,32
10794,28,13060607406,22528,60,11734,32
10794,28,8196291563,22528,60,11734,32
10794,28,2051689078,22528,60,11734,32
152,2,159628,440,6,288,4
152,2,153493,440,6,288,4
152,2,184703,440,6,288,4
152,2,159627,440,6,288,4
1018,10,3103002,2320,24,1302,14
11230,32,2368161,23566,68,12336,36
1018,10,3184525,2320,24,1302,14
11094,30,2473480,23430,66,12336,36
152,2,156877,440,6,288,4
152,2,155100,440,6,288,4
152,2,161964,440,6,288,4
152,2,186307,440,6,288,4
1154,12,755058,2450,26,1296,14
152,2,153115,440,6,288,4
152,2,155206,440,6,288,4
1154,12,745552,2448,26,1294,14
152,2,155725,440,6,288,4
152,2,157440,440,6,288,4
152,2,154453,440,6,288,4
152,2,155416,440,6,288,4
1154,12,2731798,2322,24,1168,12
11094,30,1999555,23436,66,12342,36
152,2,148915,440,6,288,4
152,2,163413,440,6,288,4
10658,26,16198149431,22392,58,11734,32
11230,32,2878659,23604,68,12374,36
152,2,157428,440,6,288,4
152,2,158383,440,6,288,4
152,2,157630,440,6,288,4
152,2,155241,440,6,288,4
152,2,160444,440,6,288,4
152,2,151520,440,6,288,4
152,2,170878,440,6,288,4
152,2,179060,440,6,288,4
152,2,153238,440,6,288,4
152,2,151523,440,6,288,4
152,2,178408,440,6,288,4
152,2,169830,440,6,288,4
1154,12,2982980,2450,26,1296,14
11230,32,2073597,23554,68,12324,36
152,2,155250,440,6,288,4
152,2,153698,440,6,288,4
152,2,201106,440,6,288,4
152,2,152251,440,6,288,4
152,2,158811,440,6,288,4
152,2,152326,440,6,288,4
10794,28,10054749472,22528,60,11734,32
11094,30,3648435,23468,66,12374,36
1018,10,4577416,2320,24,1302,14
11094,30,3719695,23430,66,12336,36
1018,10,2986355,2320,24,1302,14
11230,32,2293305,23564,68,12334,36
152,2,160460,440,6,288,4
152,2,152633,440,6,288,4
152,2,157233,440,6,288,4
152,2,153972,440,6,288,4
1154,12,734737,2450,26,1296,14
152,2,156345,440,6,288,4
152,2,189668,440,6,288,4
1154,12,744619,2448,26,1294,14
152,2,166822,440,6,288,4
152,2,150658,440,6,288,4
152,2,147737,440,6,288,4
152,2,161518,440,6,288,4
1018,10,3299793,2322,24,1304,14
11230,32,2366661,23572,68,12342,36
152,2,151289,440,6,288,4
152,2,150733,440,6,288,4
152,2,176123,440,6,288,4
152,2,154492,440,6,288,4
152,2,159348,440,6,288,4
152,2,162688,440,6,288,4
10658,26,4775346474,22392,58,11734,32
11094,30,2135981,23470,66,12376,36
152,2,152676,440,6,288,4
152,2,150111,440,6,288,4
152,2,155348,440,6,288,4
152,2,173917,440,6,288,4
152,2,153369,440,6,288,4
152,2,181194,440,6,288,4
152,2,154323,440,6,288,4
152,2,153294,440,6,288,4
1154,12,3067049,2450,26,1296,14
11094,30,2871862,23418,66,12324,36
152,2,156478,440,6,288,4
152,2,156789,440,6,288,4
152,2,155990,440,6,288,4
152,2,152024,440,6,288,4
152,2,152191,440,6,288,4
152,2,149613,440,6,288,4
1154,12,3113308,2320,24,1166,12
11230,32,2897819,23566,68,12336,36
1018,10,4137947,2320,24,1302,14
11094,30,3436097,23430,66,12336,36
152,2,153001,440,6,288,4
152,2,151686,440,6,288,4
152,2,148473,440,6,288,4
152,2,153311,440,6,288,4
1018,10,679305,2314,24,1296,14
10794,28,16448549529,22528,60,11734,32
11094,30,2317627,23470,66,12376,36
152,2,149292,440,6,288,4
152,2,175144,440,6,288,4
1018,10,692343,2312,24,1294,14
152,2,180931,440,6,288,4
152,2,153905,440,6,288,4
152,2,150674,440,6,288,4
152,2,157954,440,6,288,4
1154,12,2823290,2322,24,1168,12
11230,32,2637329,23572,68,12342,36
152,2,150288,440,6,288,4
152,2,201147,440,6,288,4
152,2,206825,440,6,288,4
152,2,157787,440,6,288,4
152,2,168945,440,6,288,4
152,2,177871,440,6,288,4
152,2,163992,440,6,288,4
152,2,444132,440,6,288,4
10658,26,11330177860,22392,58,11734,32
11230,32,3583748,23606,68,12376,36
152,2,151625,440,6,288,4
152,2,161650,440,6,288,4
152,2,149807,440,6,288,4
152,2,168517,440,6,288,4
152,2,149970,440,6,288,4
152,2,157311,440,6,288,4
1154,12,3571501,2450,26,1296,14
11230,32,2750810,23554,68,12324,36
152,2,152405,440,6,288,4
152,2,188442,440,6,288,4
152,2,150285,440,6,288,4
152,2,154135,440,6,288,4
152,2,160076,440,6,288,4
152,2,156345,440,6,288,4
1154,12,3047094,2320,24,1166,12
11230,32,2219128,23566,68,12336,36
1154,12,42891975,2320,24,1166,12
11094,30,42505020,23430,66,12336,36
152,2,159989,440,6,288,4
152,2,152361,440,6,288,4
152,2,160508,440,6,288,4
152,2,160394,440,6,288,4
1154,12,701425,2314,24,1160,12
152,2,160714,440,6,288,4
10794,28,6146063044,22528,60,11734,32
152,2,180819,440,6,288,4
11094,30,5994477,23470,66,12376,36
1154,12,750613,2448,26,1294,14
152,2,153852,440,6,288,4
152,2,152738,440,6,288,4
152,2,157293,440,6,288,4
152,2,152363,440,6,288,4
152,2,163099,440,6,288,4
1154,12,2724523,2322,24,1168,12
11094,30,2525403,23436,66,12342,36
152,2,158924,440,6,288,4
152,2,175778,440,6,288,4
152,2,150033,440,6,288,4
152,2,167118,440,6,288,4
152,2,149889,440,6,288,4
152,2,172109,440,6,288,4
152,2,153972,440,6,288,4
152,2,183377,440,6,288,4
152,2,205837,440,6,288,4
152,2,159279,440,6,288,4
152,2,153265,440,6,288,4
152,2,151536,440,6,288,4
152,2,162684,440,6,288,4
10522,24,1816437,21984,52,11462,28
11094,30,2117816,23470,66,12376,36
1154,12,2619053,2314,24,1160,12
11094,30,2423225,23418,66,12324,36
152,2,168595,440,6,288,4
152,2,154397,440,6,288,4
152,2,511176227,440,6,288,4
152,2,155608,440,6,288,4
152,2,156182,440,6,288,4
152,2,173153,440,6,288,4
1154,12,38305934,2320,24,1166,12
11094,30,38116080,23430,66,12336,36
1154,12,514236974,2320,24,1166,12
11094,30,2943857,23428,66,12334,36
152,2,158396,440,6,288,4
152,2,149453,440,6,288,4
152,2,154335,440,6,288,4
152,2,150690,440,6,288,4
1018,10,683648,2314,24,1296,14
152,2,150411,440,6,288,4
152,2,157266,440,6,288,4
1154,12,738500,2448,26,1294,14
152,2,186296,440,6,288,4
10658,26,10051354977,22392,58,11734,32
11230,32,2844648,23606,68,12376,36
152,2,146845,440,6,288,4
152,2,177069,440,6,288,4
152,2,156610,440,6,288,4
152,2,147915,440,6,288,4
1154,12,2727200,2458,26,1304,14
11230,32,2515165,23572,68,12342,36
152,2,151365,440,6,288,4
152,2,153499,440,6,288,4
152,2,158906,440,6,288,4
152,2,157532,440,6,288,4
152,2,155716,440,6,288,4
152,2,147856,440,6,288,4
152,2,185063,440,6,288,4
152,2,178137,440,6,288,4
152,2,159569,440,6,288,4
152,2,152465,440,6,288,4
152,2,157987,440,6,288,4
152,2,151109,440,6,288,4
152,2,146287,440,6,288,4
10794,28,4931525792,22528,60,11734,32
11094,30,2441553,23470,66,12376,36
1154,12,3303137,2450,26,1296,14
11230,32,2305820,23554,68,12324,36
152,2,168738,440,6,288,4
152,2,169697,440,6,288,4
152,2,150809,440,6,288,4
152,2,159628,440,6,288,4
152,2,155227,440,6,288,4
152,2,153108,440,6,288,4
1154,12,533366797,2456,26,1302,14
11230,32,532582233,23566,68,12336,36
1018,10,2922941,2320,24,1302,14
11230,32,2184176,23566,68,12336,36
152,2,150729,440,6,288,4
152,2,149939,440,6,288,4
152,2,196565,440,6,288,4
1154,12,890312,2314,24,1160,12
152,2,199588,440,6,288,4
152,2,151149,440,6,288,4
152,2,195335,440,6,288,4
1154,12,726099,2448,26,1294,14
152,2,177055,440,6,288,4
152,2,156036,440,6,288,4
10658,26,3525600,22120,54,11462,28
11094,30,2889058,23470,66,12376,36
152,2,154925,440,6,288,4
152,2,156605,440,6,288,4
152,2,156688,440,6,288,4
1154,12,3385334,2322,24,1168,12
11230,32,2929510,23572,68,12342,36
152,2,152744,440,6,288,4
152,2,176435,440,6,288,4
152,2,159241,440,6,288,4
152,2,161552,440,6,288,4
152,2,177465,440,6,288,4
152,2,156502,440,6,288,4
152,2,183824,440,6,288,4
152,2,171395,440,6,288,4
152,2,159494,440,6,288,4
152,2,149869,440,6,288,4
152,2,160707,440,6,288,4
152,2,155221,440,6,288,4
152,2,148440,440,6,288,4
10658,26,4084775,22120,54,11462,28
11230,32,2289887,23606,68,12376,36
1154,12,3061997,2450,26,1296,14
11230,32,2254270,23554,68,12324,36
152,2,149173,440,6,288,4
152,2,158986,440,6,288,4
152,2,156328,440,6,288,4
3517506,21556,899328914468,5637156,43112,2119650,21556
92,1,29246,184,2,92,1
92,1,31968,184,2,92,1
92,1,45623,184,2,92,1
92,1,29243,184,2,92,1
99180,115,889285034441,107324,233,8144,118
425998,456,880067638842,2271754,1306,1845756,850
212999,228,880067605678,1135877,653,922878,425
16373225,4661,880062118593,93401288,14509,77028063,9848
7524,78,870428675478,17224,188,9700,110
102828,1106,870430963804,291154,2212,188326,1106
7796,82,869921298178,17088,186,9292,104
373472,3964,870432683043,993200,7408,619728,3444
1120506,9520,883650246190,5226372,26878,4105866,17358
3944,58,860128619233,7888,116,3944,58
3944,58,860128681576,7888,116,3944,58
7932,84,869988373435,17632,194,9700,110
79992,854,870495557673,248814,1732,168822,878
3944,58,860351959063,7888,116,3944,58
6498,64,840060154270,16396,178,9898,114
3536,52,767936019253,7072,104,3536,52
22190,176,540472544715,58884,372,36694,196
17430,110,432538975657,40848,234,23418,124
62762,370,437621611026,97474,608,34712,238
101862,1352,420227835003,303962,2708,202100,1356
80510,1038,420186111662,255474,2088,174964,1050
244262,3444,420089104606,900834,8256,656572,4812
15904,82,420138916195,30832,144,14928,62
2660,36,430791869920,6214,74,3554,38
243510,1570,420132067439,370934,2732,127424,1162
241724,1558,420061132506,364088,2650,122364,1092
240486,1550,419928610953,365642,2686,125156,1136
239248,1542,420123555830,363524,2668,124276,1126
238084,1534,419935627027,363520,2680,125436,1146
236846,1526,420129737664,363034,2686,126188,1160
235608,1518,420135365228,359692,2650,124084,1132
234506,1512,419967887026,359070,2654,124564,1142
232720,1500,420188212528,355352,2618,122632,1118
230798,1486,420167200071,354218,2620,123420,1134
229350,1476,390278207746,352768,2614,123418,1138
227564,1464,389871819863,349458,2584,121894,1120
226116,1454,390382926259,345634,2542,119518,1088
224742,1444,390048428457,345420,2552,120678,1108
222820,1430,389939681076,342246,2524,119426,1094
221516,1424,390167538395,337922,2478,116406,1054
220278,1416,389984382637,337708,2488,117430,1072
219040,1408,390334663092,339262,2524,120222,1116
217802,1400,390523635149,338640,2528,120838,1128
216564,1392,390489563746,330402,2420,113838,1028
215326,1384,390084559200,333180,2474,117854,1090
214298,1378,390097858589,330592,2448,116294,1070
212376,1364,390144014242,327010,2414,114634,1050
210590,1352,390075272579,323020,2374,112430,1022
209352,1344,390141602604,321582,2366,112230,1022
208114,1336,390237798019,323136,2402,115022,1066
206666,1326,359925957843,320054,2372,113388,1046
205292,1316,359946348634,316984,2340,111692,1024
203432,1304,359803133496,315776,2342,112344,1038
201510,1290,360250001089,310562,2284,109052,994
199860,1280,360223330024,311332,2314,111472,1034
198486,1270,360125921116,308534,2286,110048,1016
196910,1260,360027805201,307202,2284,110292,1024
195672,1252,360042479093,304132,2252,108460,1000
193886,1240,360302735683,303814,2266,109928,1026
192648,1232,360203878439,302512,2260,109864,1028
191410,1224,360410576138,298898,2220,107488,996
190246,1216,360460444932,292502,2138,102256,922
189280,1212,360000240264,295688,2198,106408,986
188042,1204,360234040310,294794,2198,106752,994
186392,1194,360214945786,290804,2158,104412,964
185018,1184,360122973665,287054,2116,102036,932
183434,1172,330242251890,289548,2168,106114,996
182196,1164,330374922861,286886,2142,104690,978
180612,1152,330168682507,278846,2038,98234,886
179510,1146,330051783750,281488,2090,101978,944
178136,1136,330254111413,279098,2068,100962,932
176560,1126,330252755538,279262,2088,102702,962
174910,1116,330549455868,275272,2048,100362,932
173536,1106,330221389507,273698,2038,100162,932
171886,1096,330487639604,270660,2012,98774,916
170100,1084,330490247071,266126,1964,96026,880
168862,1076,330110451377,267816,2002,98954,926
167698,1068,329857379837,266588,1996,98890,928
166460,1060,329959646410,265150,1988,98690,928
165358,1054,330365765513,260720,1936,95362,882
163848,1042,330393948308,260370,1944,96522,902
162198,1032,330110275801,250940,1824,88742,792
160614,1020,300156927752,253434,1876,92820,856
159512,1014,300281091296,255668,1922,96156,908
157516,1000,300108948192,252556,1896,95040,896
155730,988,300123279470,248430,1854,92700,866
154492,980,300097829563,247672,1856,93180,876
153118,970,300351639576,243786,1812,90668,842
151196,956,240071997678,242912,1820,91716,864
149822,946,239901736466,239842,1788,90020,842
148036,934,239877028297,237892,1778,89856,844
146934,928,240286734283,236046,1764,89112,836
145696,920,240099469316,231208,1706,85512,786
144458,912,240460730167,232626,1740,88168,828
143084,902,240061962509,225884,1654,82800,752
141434,892,240123662494,227606,1698,86172,806
140196,884,240370103359,225080,1674,84884,790
138410,872,240358167368,221770,1644,83360,772
136698,860,240137870777,219894,1634,83196,774
135596,854,240093056717,219136,1636,83540,782
133810,842,240254422035,217050,1624,83240,782
132572,834,240367921801,210852,1546,78280,712
130988,822,210049735822,206954,1504,75966,682
129614,812,209901845828,209732,1558,80118,746
128512,806,210178043354,207750,1542,79238,736
127274,798,209957065654,207264,1548,79990,750
125488,786,209917761484,203410,1510,77922,724
124250,778,210098379692,200612,1482,76362,704
123012,770,210142855598,200126,1488,77114,718
121774,762,210136114738,198008,1470,76234,708
119988,750,210391470146,195922,1458,75934,708
118750,742,210154741269,191220,1402,72470,660
117722,736,210038757300,190808,1408,73086,672
115936,724,210339209315,186954,1370,71018,646
114698,716,210182243040,185652,1364,70954,648
113460,708,209960124254,180950,1308,67490,600
111674,696,210293894561,183896,1370,72222,674
110436,688,210179721602,179738,1322,69302,634
108852,676,180094746145,177064,1298,68212,622
107478,666,179942879711,172770,1248,65292,582
106240,658,180500471078,174324,1284,68084,626
105138,652,180369426116,172478,1270,67340,618
103900,644,180303139870,170360,1252,66460,608
102662,636,180060923324,167970,1230,65308,594
100876,624,179913951706,165476,1212,64600,588
99638,616,180303265890,163086,1190,63448,574
98400,608,180225925057,160152,1160,61752,552
96478,594,180314099686,158610,1156,62132,562
95586,590,180123538433,155886,1128,60300,538
93664,576,179925387435,154072,1120,60408,544
92426,568,180344930224,150866,1086,58440,518
90640,556,180239165877,150004,1092,59364,536
89538,550,180395381071,143942,1016,54404,466
87406,534,150102509697,145244,1056,57838,522
85620,522,150109708576,142886,1040,57266,518
83834,510,150142043853,139440,1008,55606,498
82596,502,150033597050,137322,990,54726,488
81358,494,150178314869,135340,974,53982,480
816,12,153838709198,1632,24,816,12
80120,486,150066528943,132406,944,52286,458
78882,478,150134323072,131648,946,52766,468
77644,470,149968565420,127354,896,49710,426
76406,462,150164402995,127820,916,51414,454
74830,452,150043233115,124584,886,49754,434
73592,444,150422789056,122738,872,49146,428
72354,436,150244016478,121164,862,48810,426
70980,426,150124168550,118910,842,47930,416
69330,416,149879375954,116008,818,46678,402
67408,402,150274001696,113242,796,45834,394
65276,386,119897274148,109376,760,44100,374
64174,380,120484532823,106850,736,42676,356
62936,372,120166424284,105548,730,42612,358
61698,364,120178004957,103294,710,41596,346
60460,356,120251489582,101176,692,40716,336
59222,348,119993443853,100282,692,41060,344
57984,340,120118997149,97892,670,39908,330
56746,332,120218305374,93326,616,36580,284
55508,324,120107034972,94200,642,38692,318
54270,316,120126133526,92218,626,37948,310
52694,306,120121935869,89118,598,36424,292
51456,298,119996941241,86592,574,35136,276
50218,290,120327860318,85698,574,35480,284
48980,282,119932014424,83852,560,34872,278
46848,266,89901654821,80122,526,33274,260
45610,258,90234332323,76780,490,31170,232
43824,246,90049024240,74558,476,30734,230
11288,32,90140712068,23168,66,11880,34
42586,238,89947052957,72712,462,30126,224
41348,230,90221008952,71002,450,29654,220
40110,222,90199563529,68204,422,28094,200
38872,214,90106548760,67718,428,28846,214
37634,206,90360921254,65464,408,27830,202
36396,198,90232362550,63074,386,26678,188
34610,186,90295028821,60444,366,25834,180
33582,180,90083192686,58536,350,24954,170
31796,168,90099814049,56178,334,24382,166
30010,156,90037505459,52732,302,22722,146
28772,148,90304680190,51022,290,22250,142
27398,138,90119309517,49312,278,21914,140
11152,30,90250393319,22964,64,11812,34
25748,128,90063935063,46410,254,20662,126
24164,116,59952490510,43600,228,19436,112
22926,108,60244992447,42026,218,19100,110
21688,100,60135357881,39772,198,18084,98
20450,92,60214304928,37790,182,17340,90
10942,28,60108363599,22618,60,11676,32
18664,80,60478598761,35024,160,16360,80
17290,70,60398029076,33042,144,15752,74
16052,62,60008203370,31060,128,15008,66
14814,54,59994405960,29078,112,14264,58
13032,38,59940996744,25424,78,12392,40
13126,44,60058886533,26274,90,13148,46
10942,28,60170478975,22686,60,11744,32
10942,28,59779105467,22676,60,11734,32
10794,28,13060607406,22528,60,11734,32
10794,28,8196291563,22528,60,11734,32
10794,28,2051689078,22528,60,11734,32
152,2,159628,440,6,288,4
152,2,153493,440,6,288,4
152,2,184703,440,6,288,4
152,2,159627,440,6,288,4
1018,10,3103002,2320,24,1302,14
11230,32,2368161,23566,68,12336,36
1018,10,3184525,2320,24,1302,14
11094,30,2473480,23430,66,12336,36
152,2,156877,440,6,288,4
152,2,155100,440,6,288,4
152,2,161964,440,6,288,4
152,2,186307,440,6,288,4
1154,12,755058,2450,26,1296,14
152,2,153115,440,6,288,4
152,2,155206,440,6,288,4
1154,12,745552,2448,26,1294,14
152,2,155725,440,6,288,4
152,2,157440,440,6,288,4
152,2,154453,440,6,288,4
152,2,155416,440,6,288,4
1154,12,2731798,2322,24,1168,12
11094,30,1999555,23436,66,12342,36
152,2,148915,440,6,288,4
152,2,163413,440,6,288,4
10658,26,16198149431,22392,58,11734,32
11230,32,2878659,23604,68,12374,36
152,2,157428,440,6,288,4
152,2,158383,440,6,288,4
152,2,157630,440,6,288,4
152,2,155241,440,6,288,4
152,2,160444,440,6,288,4
152,2,151520,440,6,288,4
152,2,170878,440,6,288,4
152,2,179060,440,6,288,4
152,2,153238,440,6,288,4
152,2,151523,440,6,288,4
152,2,178408,440,6,288,4
152,2,169830,440,6,288,4
1154,12,2982980,2450,26,1296,14
11230,32,2073597,23554,68,12324,36
152,2,155250,440,6,288,4
152,2,153698,440,6,288,4
152,2,201106,440,6,288,4
152,2,152251,440,6,288,4
152,2,158811,440,6,288,4
152,2,152326,440,6,288,4
10794,28,10054749472,22528,60,11734,32
11094,30,3648435,23468,66,12374,36
1018,10,4577416,2320,24,1302,14
11094,30,3719695,23430,66,12336,36
1018,10,2986355,2320,24,1302,14
11230,32,2293305,23564,68,12334,36
152,2,160460,440,6,288,4
152,2,152633,440,6,288,4
152,2,157233,440,6,288,4
152,2,153972,440,6,288,4
1154,12,734737,2450,26,1296,14
152,2,156345,440,6,288,4
152,2,189668,440,6,288,4
1154,12,744619,2448,26,1294,14
152,2,166822,440,6,288,4
152,2,150658,440,6,288,4
152,2,147737,440,6,288,4
152,2,161518,440,6,288,4
1018,10,3299793,2322,24,1304,14
11230,32,2366661,23572,68,12342,36
152,2,151289,440,6,288,4
152,2,150733,440,6,288,4
152,2,176123,440,6,288,4
152,2,154492,440,6,288,4
152,2,159348,440,6,288,4
152,2,162688,440,6,288,4
10658,26,4775346474,22392,58,11734,32
11094,30,2135981,23470,66,12376,36
152,2,152676,440,6,288,4
152,2,150111,440,6,288,4
152,2,155348,440,6,288,4
152,2,173917,440,6,288,4
152,2,153369,440,6,288,4
152,2,181194,440,6,288,4
152,2,154323,440,6,288,4
152,2,153294,440,6,288,4
1154,12,3067049,2450,26,1296,14
11094,30,2871862,23418,66,12324,36
152,2,156478,440,6,288,4
152,2,156789,440,6,288,4
152,2,155990,440,6,288,4
152,2,152024,440,6,288,4
152,2,152191,440,6,288,4
152,2,149613,440,6,288,4
1154,12,3113308,2320,24,1166,12
11230,32,2897819,23566,68,12336,36
1018,10,4137947,2320,24,1302,14
11094,30,3436097,23430,66,12336,36
152,2,153001,440,6,288,4
152,2,151686,440,6,288,4
152,2,148473,440,6,288,4
152,2,153311,440,6,288,4
1018,10,679305,2314,24,1296,14
10794,28,16448549529,22528,60,11734,32
11094,30,2317627,23470,66,12376,36
152,2,149292,440,6,288,4
152,2,175144,440,6,288,4
1018,10,692343,2312,24,1294,14
152,2,180931,440,6,288,4
152,2,153905,440,6,288,4
152,2,150674,440,6,288,4
152,2,157954,440,6,288,4
1154,12,2823290,2322,24,1168,12
11230,32,2637329,23572,68,12342,36
152,2,150288,440,6,288,4
152,2,201147,440,6,288,4
152,2,206825,440,6,288,4
152,2,157787,440,6,288,4
152,2,168945,440,6,288,4
152,2,177871,440,6,288,4
152,2,163992,440,6,288,4
152,2,444132,440,6,288,4
10658,26,11330177860,22392,58,11734,32
11230,32,3583748,23606,68,12376,36
152,2,151625,440,6,288,4
152,2,161650,440,6,288,4
152,2,149807,440,6,288,4
152,2,168517,440,6,288,4
152,2,149970,440,6,288,4
152,2,157311,440,6,288,4
1154,12,3571501,2450,26,1296,14
11230,32,2750810,23554,68,12324,36
152,2,152405,440,6,288,4
152,2,188442,440,6,288,4
152,2,150285,440,6,288,4
152,2,154135,440,6,288,4
152,2,160076,440,6,288,4
152,2,156345,440,6,288,4
1154,12,3047094,2320,24,1166,12
11230,32,2219128,23566,68,12336,36
1154,12,42891975,2320,24,1166,12
11094,30,42505020,23430,66,12336,36
152,2,159989,440,6,288,4
152,2,152361,440,6,288,4
152,2,160508,440,6,288,4
152,2,160394,440,6,288,4
1154,12,701425,2314,24,1160,12
152,2,160714,440,6,288,4
10794,28,6146063044,22528,60,11734,32
152,2,180819,440,6,288,4
11094,30,5994477,23470,66,12376,36
1154,12,750613,2448,26,1294,14
152,2,153852,440,6,288,4
152,2,152738,440,6,288,4
152,2,157293,440,6,288,4
152,2,152363,440,6,288,4
152,2,163099,440,6,288,4
1154,12,2724523,2322,24,1168,12
11094,30,2525403,23436,66,12342,36
152,2,158924,440,6,288,4
152,2,175778,440,6,288,4
152,2,150033,440,6,288,4
152,2,167118,440,6,288,4
152,2,149889,440,6,288,4
152,2,172109,440,6,288,4
152,2,153972,440,6,288,4
152,2,183377,440,6,288,4
152,2,205837,440,6,288,4
152,2,159279,440,6,288,4
152,2,153265,440,6,288,4
152,2,151536,440,6,288,4
152,2,162684,440,6,288,4
10522,24,1816437,21984,52,11462,28
11094,30,2117816,23470,66,12376,36
1154,12,2619053,2314,24,1160,12
11094,30,2423225,23418,66,12324,36
152,2,168595,440,6,288,4
152,2,154397,440,6,288,4
152,2,511176227,440,6,288,4
152,2,155608,440,6,288,4
152,2,156182,440,6,288,4
152,2,173153,440,6,288,4
1154,12,38305934,2320,24,1166,12
11094,30,38116080,23430,66,12336,36
1154,12,514236974,2320,24,1166,12
11094,30,2943857,23428,66,12334,36
152,2,158396,440,6,288,4
152,2,149453,440,6,288,4
152,2,154335,440,6,288,4
152,2,150690,440,6,288,4
1018,10,683648,2314,24,1296,14
152,2,150411,440,6,288,4
152,2,157266,440,6,288,4
1154,12,738500,2448,26,1294,14
152,2,186296,440,6,288,4
10522,24,1886475,21984,52,11462,28
11230,32,2844648,23606,68,12376,36
152,2,146845,440,6,288,4
152,2,177069,440,6,288,4
152,2,156610,440,6,288,4
152,2,147915,440,6,288,4
1154,12,2727200,2458,26,1304,14
11230,32,2515165,23572,68,12342,36
152,2,151365,440,6,288,4
152,2,153499,440,6,288,4
152,2,158906,440,6,288,4
152,2,157532,440,6,288,4
152,2,155716,440,6,288,4
152,2,147856,440,6,288,4
152,2,185063,440,6,288,4
152,2,178137,440,6,288,4
152,2,159569,440,6,288,4
152,2,152465,440,6,288,4
152,2,157987,440,6,288,4
152,2,151109,440,6,288,4
152,2,146287,440,6,288,4
10658,26,3771375,22120,54,11462,28
11094,30,2441553,23470,66,12376,36
1154,12,3303137,2450,26,1296,14
11230,32,2305820,23554,68,12324,36
152,2,168738,440,6,288,4
152,2,169697,440,6,288,4
152,2,150809,440,6,288,4
3478306,21316,889284920934,5574356,42632,2096050,21316
92,1,29246,184,2,92,1
92,1,31968,184,2,92,1
92,1,45623,184,2,92,1
98812,114,870368422508,106888,231,8076,117
421758,452,870431628994,2247934,1294,1826176,842
210879,226,870431596390,1123967,647,913088,421
16282495,4639,874528966577,92881792,14438,76599297,9799
7524,78,870428675478,17224,188,9700,110
102828,1106,870430963804,291154,2212,188326,1106
7796,82,869921298178,17088,186,9292,104
373472,3964,870432683043,993200,7408,619728,3444
1119090,9508,873505706705,5220454,26842,4101364,17334
3944,58,860128619233,7888,116,3944,58
3944,58,860128681576,7888,116,3944,58
7586,80,840064056856,17076,188,9490,108
79646,850,840576054334,248122,1724,168476,874
3944,58,860351959063,7888,116,3944,58
6498,64,840060154270,16396,178,9898,114
3400,50,736993194613,6800,100,3400,50
21980,174,510044360298,58538,368,36558,194
17022,104,420063436767,39516,222,22494,118
61494,362,427478369401,95734,596,34240,234
101862,1352,420227835003,303962,2708,202100,1356
80510,1038,420186111662,255474,2088,174964,1050
244262,3444,420089104606,900834,8256,656572,4812
15904,82,420138916195,30832,144,14928,62
2524,34,399848881261,5942,70,3418,36
243510,1570,420132067439,370934,2732,127424,1162
241724,1558,420061132506,364088,2650,122364,1092
240486,1550,419928610953,365642,2686,125156,1136
239248,1542,420123555830,363524,2668,124276,1126
237738,1530,390270191129,362964,2674,125226,1144
236636,1524,390209737734,362478,2680,125842,1156
235398,1516,390215017064,359136,2644,123738,1128
234160,1508,390047171813,358378,2646,124218,1138
232374,1496,390267834786,354796,2612,122422,1116
230452,1482,390247094540,353662,2614,123210,1132
229350,1476,390278207746,352768,2614,123418,1138
227564,1464,389871819863,349458,2584,121894,1120
226116,1454,390382926259,345634,2542,119518,1088
224742,1444,390048428457,345420,2552,120678,1108
222820,1430,389939681076,342246,2524,119426,1094
221516,1424,390167538395,337922,2478,116406,1054
220278,1416,389984382637,337708,2488,117430,1072
219040,1408,390334663092,339262,2524,120222,1116
217802,1400,390523635149,338640,2528,120838,1128
216564,1392,390489563746,330402,2420,113838,1028
215326,1384,390084559200,333180,2474,117854,1090
213952,1374,359922921311,330036,2442,116084,1068
212166,1362,360224280142,326454,2408,114288,1046
210244,1348,360150954267,322328,2366,112084,1018
209006,1340,360221668058,321026,2360,112020,1020
207768,1332,360317477332,322444,2394,114676,1062
206666,1326,359925957843,320054,2372,113388,1046
205292,1316,359946348634,316984,2340,111692,1024
203432,1304,359803133496,315776,2342,112344,1038
201510,1290,360250001089,310562,2284,109052,994
199860,1280,360223330024,311332,2314,111472,1034
198486,1270,360125921116,308534,2286,110048,1016
196910,1260,360027805201,307202,2284,110292,1024
195672,1252,360042479093,304132,2252,108460,1000
193886,1240,360302735683,303814,2266,109928,1026
192648,1232,360203878439,302512,2260,109864,1028
191410,1224,360410576138,298898,2220,107488,996
190036,1214,329966136583,291946,2132,101910,918
188934,1208,330080265084,295132,2192,106198,984
187696,1200,330313294586,294102,2190,106406,990
186046,1190,330294552547,290112,2150,104066,960
184672,1180,330202592055,286362,2108,101690,928
183434,1172,330242251890,289548,2168,106114,996
182196,1164,330374922861,286886,2142,104690,978
180612,1152,330168682507,278846,2038,98234,886
179510,1146,330051783750,281488,2090,101978,944
178136,1136,330254111413,279098,2068,100962,932
176560,1126,330252755538,279262,2088,102702,962
174910,1116,330549455868,275272,2048,100362,932
173536,1106,330221389507,273698,2038,100162,932
171886,1096,330487639604,270660,2012,98774,916
170100,1084,330490247071,266126,1964,96026,880
168862,1076,330110451377,267816,2002,98954,926
167488,1066,300192026293,266032,1990,98544,924
166250,1058,300039715142,264594,1982,98344,924
165012,1050,300444777352,260028,1928,95016,878
163502,1038,300473867397,259814,1938,96312,900
161852,1028,300186261177,250248,1816,88396,788
160614,1020,300156927752,253434,1876,92820,856
159512,1014,300281091296,255668,1922,96156,908
157516,1000,300108948192,252556,1896,95040,896
155730,988,300123279470,248430,1854,92700,866
154492,980,300097829563,247672,1856,93180,876
153118,970,300351639576,243786,1812,90668,842
151196,956,240071997678,242912,1820,91716,864
149822,946,239901736466,239842,1788,90020,842
148036,934,239877028297,237892,1778,89856,844
146934,928,240286734283,236046,1764,89112,836
145696,920,240099469316,231208,1706,85512,786
144458,912,240460730167,232626,1740,88168,828
143084,902,240061962509,225884,1654,82800,752
141434,892,240123662494,227606,1698,86172,806
140196,884,240370103359,225080,1674,84884,790
138410,872,240358167368,221770,1644,83360,772
136488,858,210219125156,219338,1628,82850,770
135250,850,210168783424,218580,1630,83330,780
133464,838,209827338978,216494,1618,83030,780
132226,830,209933295271,210296,1540,78070,710
130988,822,210049735822,206954,1504,75966,682
129614,812,209901845828,209732,1558,80118,746
128512,806,210178043354,207750,1542,79238,736
127274,798,209957065654,207264,1548,79990,750
125488,786,209917761484,203410,1510,77922,724
124250,778,210098379692,200612,1482,76362,704
123012,770,210142855598,200126,1488,77114,718
121774,762,210136114738,198008,1470,76234,708
119988,750,210391470146,195922,1458,75934,708
118750,742,210154741269,191220,1402,72470,660
117376,732,180373229760,190116,1400,72740,668
115590,720,180419393737,186262,1362,70672,642
114352,712,180262275248,184960,1356,70608,644
113114,704,180039404783,180394,1302,67280,598
111328,692,179863014651,183340,1364,72012,672
110090,684,180259618742,179182,1316,69092,632
108852,676,180094746145,177064,1298,68212,622
107478,666,179942879711,172770,1248,65292,582
106240,658,180500471078,174324,1284,68084,626
105138,652,180369426116,172478,1270,67340,618
103900,644,180303139870,170360,1252,66460,608
102662,636,180060923324,167970,1230,65308,594
100876,624,179913951706,165476,1212,64600,588
99638,616,180303265890,163086,1190,63448,574
98400,608,180225925057,160152,1160,61752,552
96478,594,180314099686,158610,1156,62132,562
95240,586,150204375419,155330,1122,60090,536
93318,572,150001074799,153380,1112,60062,540
92216,566,149914045490,150310,1080,58094,514
90430,554,150318358298,149448,1086,59018,532
89192,546,149966922638,143250,1008,54058,462
87406,534,150102509697,145244,1056,57838,522
85620,522,150109708576,142886,1040,57266,518
83834,510,150142043853,139440,1008,55606,498
82596,502,150033597050,137322,990,54726,488
81358,494,150178314869,135340,974,53982,480
816,12,153838709198,1632,24,816,12
80120,486,150066528943,132406,944,52286,458
78882,478,150134323072,131648,946,52766,468
77644,470,149968565420,127354,896,49710,426
76406,462,150164402995,127820,916,51414,454
74484,448,119867957948,124028,880,49544,432
73246,440,120502583669,122046,864,48800,424
72008,432,120319618757,120472,854,48464,422
70770,424,120204065394,118354,836,47584,412
68984,412,119958714802,115452,812,46468,400
67198,400,120351154398,112686,790,45488,390
65276,386,119897274148,109376,760,44100,374
64174,380,120484532823,106850,736,42676,356
62936,372,120166424284,105548,730,42612,358
61698,364,120178004957,103294,710,41596,346
60460,356,120251489582,101176,692,40716,336
59222,348,119993443853,100282,692,41060,344
57984,340,120118997149,97892,670,39908,330
56746,332,120218305374,93326,616,36580,284
55508,324,120107034972,94200,642,38692,318
54270,316,120126133526,92218,626,37948,310
52348,302,90201908771,88562,592,36214,290
51110,294,90073781695,86036,568,34926,274
49872,286,90407455888,85142,568,35270,282
48634,278,90011451985,83296,554,34662,276
46848,266,89901654821,80122,526,33274,260
45610,258,90234332323,76780,490,31170,232
43824,246,90049024240,74558,476,30734,230
11288,32,90140712068,23168,66,11880,34
42586,238,89947052957,72712,462,30126,224
41348,230,90221008952,71002,450,29654,220
40110,222,90199563529,68204,422,28094,200
38872,214,90106548760,67718,428,28846,214
37634,206,90360921254,65464,408,27830,202
36396,198,90232362550,63074,386,26678,188
34610,186,90295028821,60444,366,25834,180
33236,176,60418708047,57980,344,24744,168
31450,164,60179694353,55622,328,24172,164
29664,152,60120369629,52176,296,22512,144
28426,144,59873812028,50466,284,22040,140
27052,134,60199310814,48756,272,21704,138
10942,28,60329854226,22618,60,11676,32
25402,124,60139928465,45854,248,20452,124
24164,116,59952490510,43600,228,19436,112
22926,108,60244992447,42026,218,19100,110
21688,100,60135357881,39772,198,18084,98
20450,92,60214304928,37790,182,17340,90
10942,28,60108363599,22618,60,11676,32
18664,80,60478598761,35024,160,16360,80
17290,70,60398029076,33042,144,15752,74
16052,62,60008203370,31060,128,15008,66
14814,54,59994405960,29078,112,14264,58
13032,38,59940996744,25424,78,12392,40
13126,44,60058886533,26274,90,13148,46
10942,28,60170478975,22686,60,11744,32
10732,26,29856714085,22330,56,11598,30
10794,28,13060607406,22528,60,11734,32
10794,28,8196291563,22528,60,11734,32
10794,28,2051689078,22528,60,11734,32
152,2,159628,440,6,288,4
152,2,153493,440,6,288,4
152,2,184703,440,6,288,4
152,2,159627,440,6,288,4
1018,10,3103002,2320,24,1302,14
11230,32,2368161,23566,68,12336,36
1018,10,3184525,2320,24,1302,14
11094,30,2473480,23430,66,12336,36
152,2,156877,440,6,288,4
152,2,155100,440,6,288,4
152,2,161964,440,6,288,4
152,2,186307,440,6,288,4
1154,12,755058,2450,26,1296,14
152,2,153115,440,6,288,4
152,2,155206,440,6,288,4
1154,12,745552,2448,26,1294,14
152,2,155725,440,6,288,4
152,2,157440,440,6,288,4
152,2,154453,440,6,288,4
152,2,155416,440,6,288,4
1154,12,2731798,2322,24,1168,12
11094,30,1999555,23436,66,12342,36
152,2,148915,440,6,288,4
152,2,163413,440,6,288,4
10658,26,16198149431,22392,58,11734,32
11230,32,2878659,23604,68,12374,36
152,2,157428,440,6,288,4
152,2,158383,440,6,288,4
152,2,157630,440,6,288,4
152,2,155241,440,6,288,4
152,2,160444,440,6,288,4
152,2,151520,440,6,288,4
152,2,170878,440,6,288,4
152,2,179060,440,6,288,4
152,2,153238,440,6,288,4
152,2,151523,440,6,288,4
152,2,178408,440,6,288,4
152,2,169830,440,6,288,4
1154,12,2982980,2450,26,1296,14
11230,32,2073597,23554,68,12324,36
152,2,155250,440,6,288,4
152,2,153698,440,6,288,4
152,2,201106,440,6,288,4
152,2,152251,440,6,288,4
152,2,158811,440,6,288,4
152,2,152326,440,6,288,4
10794,28,10054749472,22528,60,11734,32
11094,30,3648435,23468,66,12374,36
1018,10,4577416,2320,24,1302,14
11094,30,3719695,23430,66,12336,36
1018,10,2986355,2320,24,1302,14
11230,32,2293305,23564,68,12334,36
152,2,160460,440,6,288,4
152,2,152633,440,6,288,4
152,2,157233,440,6,288,4
152,2,153972,440,6,288,4
1154,12,734737,2450,26,1296,14
152,2,156345,440,6,288,4
152,2,189668,440,6,288,4
1154,12,744619,2448,26,1294,14
152,2,166822,440,6,288,4
152,2,150658,440,6,288,4
152,2,147737,440,6,288,4
152,2,161518,440,6,288,4
1018,10,3299793,2322,24,1304,14
11230,32,2366661,23572,68,12342,36
152,2,151289,440,6,288,4
152,2,150733,440,6,288,4
152,2,176123,440,6,288,4
152,2,154492,440,6,288,4
152,2,159348,440,6,288,4
152,2,162688,440,6,288,4
10658,26,4775346474,22392,58,11734,32
11094,30,2135981,23470,66,12376,36
152,2,152676,440,6,288,4
152,2,150111,440,6,288,4
152,2,155348,440,6,288,4
152,2,173917,440,6,288,4
152,2,153369,440,6,288,4
152,2,181194,440,6,288,4
152,2,154323,440,6,288,4
152,2,153294,440,6,288,4
1154,12,3067049,2450,26,1296,14
11094,30,2871862,23418,66,12324,36
152,2,156478,440,6,288,4
152,2,156789,440,6,288,4
152,2,155990,440,6,288,4
152,2,152024,440,6,288,4
152,2,152191,440,6,288,4
152,2,149613,440,6,288,4
1154,12,3113308,2320,24,1166,12
11230,32,2897819,23566,68,12336,36
1018,10,4137947,2320,24,1302,14
11094,30,3436097,23430,66,12336,36
152,2,153001,440,6,288,4
152,2,151686,440,6,288,4
152,2,148473,440,6,288,4
152,2,153311,440,6,288,4
1018,10,679305,2314,24,1296,14
10794,28,16448549529,22528,60,11734,32
11094,30,2317627,23470,66,12376,36
152,2,149292,440,6,288,4
152,2,175144,440,6,288,4
1018,10,692343,2312,24,1294,14
152,2,180931,440,6,288,4
152,2,153905,440,6,288,4
152,2,150674,440,6,288,4
152,2,157954,440,6,288,4
1154,12,2823290,2322,24,1168,12
11230,32,2637329,23572,68,12342,36
152,2,150288,440,6,288,4
152,2,201147,440,6,288,4
152,2,206825,440,6,288,4
152,2,157787,440,6,288,4
152,2,168945,440,6,288,4
152,2,177871,440,6,288,4
152,2,163992,440,6,288,4
152,2,444132,440,6,288,4
10658,26,11330177860,22392,58,11734,32
11230,32,3583748,23606,68,12376,36
152,2,151625,440,6,288,4
152,2,161650,440,6,288,4
152,2,149807,440,6,288,4
152,2,168517,440,6,288,4
152,2,149970,440,6,288,4
152,2,157311,440,6,288,4
1154,12,3571501,2450,26,1296,14
11230,32,2750810,23554,68,12324,36
152,2,152405,440,6,288,4
152,2,188442,440,6,288,4
152,2,150285,440,6,288,4
152,2,154135,440,6,288,4
152,2,160076,440,6,288,4
152,2,156345,440,6,288,4
1154,12,3047094,2320,24,1166,12
11230,32,2219128,23566,68,12336,36
1154,12,42891975,2320,24,1166,12
11094,30,42505020,23430,66,12336,36
152,2,159989,440,6,288,4
152,2,152361,440,6,288,4
152,2,160508,440,6,288,4
152,2,160394,440,6,288,4
1154,12,701425,2314,24,1160,12
152,2,160714,440,6,288,4
10794,28,6146063044,22528,60,11734,32
152,2,180819,440,6,288,4
11094,30,5994477,23470,66,12376,36
1154,12,750613,2448,26,1294,14
152,2,153852,440,6,288,4
152,2,152738,440,6,288,4
152,2,157293,440,6,288,4
152,2,152363,440,6,288,4
152,2,163099,440,6,288,4
1154,12,2724523,2322,24,1168,12
11094,30,2525403,23436,66,12342,36
152,2,158924,440,6,288,4
152,2,175778,440,6,288,4
152,2,150033,440,6,288,4
152,2,167118,440,6,288,4
152,2,149889,440,6,288,4
152,2,172109,440,6,288,4
152,2,153972,440,6,288,4
152,2,183377,440,6,288,4
152,2,205837,440,6,288,4
152,2,159279,440,6,288,4
152,2,153265,440,6,288,4
152,2,151536,440,6,288,4
152,2,162684,440,6,288,4
10522,24,1816437,21984,52,11462,28
11094,30,2117816,23470,66,12376,36
1154,12,2619053,2314,24,1160,12
11094,30,2423225,23418,66,12324,36
152,2,168595,440,6,288,4
152,2,154397,440,6,288,4
152,2,92681,304,4,152,2
3437126,21062,879135771931,5508212,42124,2071086,21062
92,1,29246,184,2,92,1
92,1,31968,184,2,92,1
96420,112,859364712467,104360,227,7940,115
417518,448,860129231865,2224134,1282,1806616,834
208759,224,860129198488,1112067,641,903308,417
16123052,4604,860125995987,91968501,14304,75845449,9700
7314,76,840254280857,16668,182,9354,106
102482,1102,840256787254,290462,2204,187980,1102
7450,78,840260395339,16532,180,9082,102
373126,3960,840261364431,992508,7400,619382,3440
1117674,9496,863201913284,5214534,26806,4096860,17310
3944,58,860128619233,7888,116,3944,58
3944,58,860128681576,7888,116,3944,58
7586,80,840064056856,17076,188,9490,108
79646,850,840576054334,248122,1724,168476,874
3808,56,829663878202,7616,112,3808,56
6498,64,840060154270,16396,178,9898,114
3400,50,736993194613,6800,100,3400,50
21980,174,510044360298,58538,368,36558,194
16812,102,416186832592,39170,218,22358,116
60090,352,416150143193,93648,580,33558,228
101652,1350,390035350535,303616,2704,201964,1354
80300,1036,390518152532,255128,2084,174828,1048
244052,3442,390421476207,900488,8252,656436,4810
15558,78,389964577936,30276,138,14718,60
2524,34,399848881261,5942,70,3418,36
243164,1566,390466020139,370242,2724,127078,1158
241378,1554,390399874647,363396,2642,122018,1088
240140,1546,390263858942,364950,2678,124810,1132
238902,1538,390458379591,362832,2660,123930,1122
237738,1530,390270191129,362964,2674,125226,1144
236636,1524,390209737734,362478,2680,125842,1156
235398,1516,390215017064,359136,2644,123738,1128
234160,1508,390047171813,358378,2646,124218,1138
232374,1496,390267834786,354796,2612,122422,1116
230452,1482,390247094540,353662,2614,123210,1132
229350,1476,390278207746,352768,2614,123418,1138
227564,1464,389871819863,349458,2584,121894,1120
226116,1454,390382926259,345634,2542,119518,1088
224742,1444,390048428457,345420,2552,120678,1108
222820,1430,389939681076,342246,2524,119426,1094
221170,1420,360310950673,337230,2470,116060,1050
219932,1412,360318337478,337016,2480,117084,1068
218694,1404,360163463323,338570,2516,119876,1112
217456,1396,360347955669,337948,2520,120492,1124
216218,1388,360313442943,329710,2412,113492,1024
214980,1380,359903995140,332488,2466,117508,1086
213952,1374,359922921311,330036,2442,116084,1068
212166,1362,360224280142,326454,2408,114288,1046
210244,1348,360150954267,322328,2366,112084,1018
209006,1340,360221668058,321026,2360,112020,1020
207768,1332,360317477332,322444,2394,114676,1062
206666,1326,359925957843,320054,2372,113388,1046
205292,1316,359946348634,316984,2340,111692,1024
203432,1304,359803133496,315776,2342,112344,1038
201510,1290,360250001089,310562,2284,109052,994
199860,1280,360223330024,311332,2314,111472,1034
198486,1270,360125921116,308534,2286,110048,1016
196564,1256,330171280915,306510,2276,109946,1020
195326,1248,329865836261,303576,2246,108250,998
193540,1236,330126382442,303122,2258,109582,1022
192302,1228,330027984767,301820,2252,109518,1024
191064,1220,330234507731,298206,2212,107142,992
190036,1214,329966136583,291946,2132,101910,918
188934,1208,330080265084,295132,2192,106198,984
187696,1200,330313294586,294102,2190,106406,990
186046,1190,330294552547,290112,2150,104066,960
184672,1180,330202592055,286362,2108,101690,928
183434,1172,330242251890,289548,2168,106114,996
182196,1164,330374922861,286886,2142,104690,978
180612,1152,330168682507,278846,2038,98234,886
179510,1146,330051783750,281488,2090,101978,944
178136,1136,330254111413,279098,2068,100962,932
176214,1122,299885158519,278570,2080,102356,958
174564,1112,300375098363,274580,2040,100016,928
173190,1102,300050069249,273006,2030,99816,928
171540,1092,300312077569,269968,2004,98428,912
169754,1080,300314243052,265434,1956,95680,876
168516,1072,299929710265,267124,1994,98608,922
167488,1066,300192026293,266032,1990,98544,924
166250,1058,300039715142,264594,1982,98344,924
165012,1050,300444777352,260028,1928,95016,878
163502,1038,300473867397,259814,1938,96312,900
161852,1028,300186261177,250248,1816,88396,788
160614,1020,300156927752,253434,1876,92820,856
159512,1014,300281091296,255668,1922,96156,908
157516,1000,300108948192,252556,1896,95040,896
155730,988,300123279470,248430,1854,92700,866
154492,980,300097829563,247672,1856,93180,876
153118,970,300351639576,243786,1812,90668,842
151196,956,240071997678,242912,1820,91716,864
149822,946,239901736466,239842,1788,90020,842
148036,934,239877028297,237892,1778,89856,844
146934,928,240286734283,236046,1764,89112,836
145696,920,240099469316,231208,1706,85512,786
144112,908,210286343827,231934,1732,87822,824
142738,898,210401062987,225192,1646,82454,748
141088,888,210458433639,227050,1692,85962,804
139850,880,210194221036,224388,1666,84538,786
138064,868,210182441260,221078,1636,83014,768
136488,858,210219125156,219338,1628,82850,770
135250,850,210168783424,218580,1630,83330,780
133464,838,209827338978,216494,1618,83030,780
132226,830,209933295271,210296,1540,78070,710
130988,822,210049735822,206954,1504,75966,682
129614,812,209901845828,209732,1558,80118,746
128512,806,210178043354,207750,1542,79238,736
127274,798,209957065654,207264,1548,79990,750
125488,786,209917761484,203410,1510,77922,724
124250,778,210098379692,200612,1482,76362,704
122666,766,179966804704,199434,1480,76768,714
121428,758,180470940940,197316,1462,75888,704
119642,746,180215230570,195230,1450,75588,704
118404,738,179976927135,190528,1394,72124,656
117376,732,180373229760,190116,1400,72740,668
115590,720,180419393737,186262,1362,70672,642
114352,712,180262275248,184960,1356,70608,644
113114,704,180039404783,180394,1302,67280,598
111328,692,179863014651,183340,1364,72012,672
110090,684,180259618742,179182,1316,69092,632
108852,676,180094746145,177064,1298,68212,622
107478,666,179942879711,172770,1248,65292,582
106240,658,180500471078,174324,1284,68084,626
105138,652,180369426116,172478,1270,67340,618
103900,644,180303139870,170360,1252,66460,608
102316,632,150203546893,167278,1222,64962,590
100530,620,150241369599,164784,1204,64254,584
99292,612,150130226333,162394,1182,63102,570
98054,604,150046599980,159460,1152,61406,548
96132,590,150138539728,158054,1150,61922,560
95240,586,150204375419,155330,1122,60090,536
93318,572,150001074799,153380,1112,60062,540
92216,566,149914045490,150310,1080,58094,514
90430,554,150318358298,149448,1086,59018,532
89192,546,149966922638,143250,1008,54058,462
87406,534,150102509697,145244,1056,57838,522
85620,522,150109708576,142886,1040,57266,518
83834,510,150142043853,139440,1008,55606,498
82596,502,150033597050,137322,990,54726,488
81358,494,150178314869,135340,974,53982,480
680,10,123154665938,1360,20,680,10
79774,482,119890531874,131714,936,51940,454
78536,474,120466389305,130956,938,52420,464
77298,466,120298740088,126662,888,49364,422
76060,458,120498374106,127264,910,51204,452
74484,448,119867957948,124028,880,49544,432
73246,440,120502583669,122046,864,48800,424
72008,432,120319618757,120472,854,48464,422
70770,424,120204065394,118354,836,47584,412
68984,412,119958714802,115452,812,46468,400
67198,400,120351154398,112686,790,45488,390
65276,386,119897274148,109376,760,44100,374
64174,380,120484532823,106850,736,42676,356
62936,372,120166424284,105548,730,42612,358
61698,364,120178004957,103294,710,41596,346
60460,356,120251489582,101176,692,40716,336
58876,344,89946874164,99590,684,40714,340
57638,336,89943187395,97200,662,39562,326
56400,328,90042674479,92770,610,36370,282
55162,320,89930597313,93508,634,38346,314
53924,312,90457574441,91526,618,37602,306
52348,302,90201908771,88562,592,36214,290
51110,294,90073781695,86036,568,34926,274
49872,286,90407455888,85142,568,35270,282
48634,278,90011451985,83296,554,34662,276
46848,266,89901654821,80122,526,33274,260
45610,258,90234332323,76780,490,31170,232
43824,246,90049024240,74558,476,30734,230
11288,32,90140712068,23168,66,11880,34
42586,238,89947052957,72712,462,30126,224
41348,230,90221008952,71002,450,29654,220
40110,222,90199563529,68204,422,28094,200
10732,26,40989598289,22466,58,11734,32
38526,210,59930612305,67026,420,28500,210
37288,202,60185475258,64772,400,27484,198
36050,194,60056152227,62518,380,26468,186
34264,182,60119449664,59752,358,25488,176
33236,176,60418708047,57980,344,24744,168
31450,164,60179694353,55622,328,24172,164
29664,152,60120369629,52176,296,22512,144
28426,144,59873812028,50466,284,22040,140
27052,134,60199310814,48756,272,21704,138
10942,28,60329854226,22618,60,11676,32
25402,124,60139928465,45854,248,20452,124
24164,116,59952490510,43600,228,19436,112
22926,108,60244992447,42026,218,19100,110
21688,100,60135357881,39772,198,18084,98
10794,28,4972040134,22538,60,11744,32
20450,92,60214304928,37790,182,17340,90
10658,26,3362956131,22364,58,11706,32
10658,26,1783069227,22392,58,11734,32
10942,28,60108363599,22618,60,11676,32
3750,9,508785571,6214,23,2464,14
7500,18,508794930,12428,46,4928,28
1344,8,314315473,3894,20,2550,12
18528,78,59969138463,34888,158,16360,80
11094,30,2999937,23516,66,12422,36
11094,30,4591604,23510,66,12416,36
11094,30,4442540,23418,66,12324,36
10658,26,5371875795,22334,58,11676,32
152,2,493385,440,6,288,4
3988,8,1197279595,5638,20,1650,12
7976,16,1197302091,11276,40,3300,24
11094,30,3063190,23592,66,12498,36
152,2,152860,440,6,288,4
11094,30,8459680,23556,66,12462,36
11094,30,3338535,23550,66,12456,36
10658,26,1700630268,22402,58,11744,32
2136,10,530700719,3374,22,1238,12
1154,12,345710459,2320,24,1166,12
11366,34,345525915,23700,70,12334,36
1018,10,29005332,2320,24,1302,14
11230,32,28100424,23566,68,12336,36
11094,30,10287071,23594,66,12500,36
11094,30,2410233,23572,66,12478,36
11094,30,7751439,23588,66,12494,36
11094,30,2481460,23516,66,12422,36
11094,30,8664647,23588,66,12494,36
11094,30,3180236,23516,66,12422,36
11094,30,8982704,23588,66,12494,36
11094,30,37716386,24506,66,13412,36
11094,30,63841948,23516,66,12422,36
11094,30,65330480,23588,66,12494,36
11094,30,42936525,23516,66,12422,36
11094,30,43877573,23588,66,12494,36
11094,30,71143602,23610,66,12516,36
11094,30,70090599,23516,66,12422,36
152,2,166420,440,6,288,4
3819,10,906678174,6284,24,2465,14
7638,20,906698467,12568,48,4930,28
152,2,152345,440,6,288,4
1482,10,521873152,4170,24,2688,14
17080,68,30223797275,32486,138,15406,70
152,2,157338,440,6,288,4
11094,30,4820885,23514,66,12420,36
11230,32,11678540,23646,68,12416,36
11094,30,308543808,23690,70,12596,40
10794,28,3779211908,22470,60,11676,32
152,2,155260,440,6,288,4
1018,10,843089,2314,24,1296,14
11094,30,2562133,23592,66,12498,36
11094,30,109830620,23554,66,12460,36
11230,32,109219471,23686,68,12456,36
3988,8,1173089270,5638,20,1650,12
7976,16,1173113759,11276,40,3300,24
152,2,165600,440,6,288,4
10658,26,7263599297,22402,58,11744,32
152,2,167502,440,6,288,4
11230,32,17550735,23730,68,12500,36
2136,10,301488422,3374,22,1238,12
11094,30,2377149,23572,66,12478,36
11094,30,2570980,23588,66,12494,36
11094,30,7864033,23516,66,12422,36
11094,30,14845873,23588,66,12494,36
11094,30,230126409,23514,66,12420,36
11094,30,232609142,23588,66,12494,36
11094,30,3791207,23516,66,12422,36
11094,30,5955602,23588,66,12494,36
1154,12,736969,2448,26,1294,14
11094,30,8832867,23516,66,12422,36
11094,30,7705253,23588,66,12494,36
11094,30,29009789,24506,66,13412,36
11094,30,267707368,23514,66,12420,36
11094,30,267591238,23588,66,12494,36
11094,30,9619332,23516,66,12422,36
11094,30,10029079,23588,66,12494,36
3660,8,1026501528,6056,21,2396,13
7320,16,1026506392,12112,42,4792,26
11094,30,4779001,23514,66,12420,36
11230,32,9165680,23724,68,12494,36
11094,30,2948431,23516,66,12422,36
11230,32,4783173,23724,68,12494,36
11094,30,210812937,23516,66,12422,36
11094,30,211486374,23588,66,12494,36
152,2,193870,440,6,288,4
11230,32,5410901,23652,68,12422,36
11094,30,7549674,23588,66,12494,36
1616,12,627639617,4166,24,2550,12
11094,30,9005372,23516,66,12422,36
15842,60,30347370290,30504,122,14662,62
11094,30,19528481,23588,66,12494,36
152,2,159450,440,6,288,4
11094,30,176634231,23516,66,12422,36
11094,30,184926603,23588,66,12494,36
11230,32,23801538,23646,68,12416,36
11230,32,23917468,23650,68,12420,36
11094,30,8484600,23514,66,12420,36
11094,30,21298842,23588,66,12494,36
10658,26,1850628368,22334,58,11676,32
152,2,187228,440,6,288,4
11366,34,404296071,23960,74,12594,40
11094,30,169063333,23516,66,12422,36
11094,30,411506208,23724,68,12630,38
1154,12,214973411,2322,24,1168,12
11094,30,213675458,23436,66,12342,36
152,2,153371,440,6,288,4
11094,30,217482201,23592,66,12498,36
11094,30,14510278,23556,66,12462,36
11230,32,17026615,23686,68,12456,36
11094,30,28694197,23610,66,12516,36
11094,30,23995082,23516,66,12422,36
10794,28,5315611725,22538,60,11744,32
4078,9,1146843132,5796,22,1718,13
8156,18,1144192287,11592,44,3436,26
152,2,973527,440,6,288,4
152,2,153621,440,6,288,4
11094,30,3337047,23594,66,12500,36
2272,12,512437108,3510,24,1238,12
11094,30,2526615,23572,66,12478,36
11094,30,3034651,23588,66,12494,36
11094,30,2996011,23516,66,12422,36
11094,30,4708538,23586,66,12492,36
11094,30,2454942,23516,66,12422,36
11094,30,3907840,23610,66,12516,36
11094,30,3299666,24506,66,13412,36
3661,8,655780580,6058,21,2397,13
7322,16,655794547,12116,42,4794,26
152,2,162235,440,6,288,4
10658,26,5009708456,22392,58,11734,32
11094,30,6426449,23470,66,12376,36
1482,10,37376033,4034,22,2552,12
14604,52,30329325010,28522,106,13918,54
152,2,184527,440,6,288,4
11094,30,20079292,23512,66,12418,36
11094,30,16503527,23510,66,12416,36
10658,26,5271286212,22334,58,11676,32
11094,30,6625721,23418,66,12324,36
152,2,153471,440,6,288,4
3988,8,1162450946,5638,20,1650,12
7976,16,1162475821,11276,40,3300,24
11230,32,161008987,23728,68,12498,36
11094,30,12296072,23550,66,12456,36
11230,32,8664951,23692,68,12462,36
152,2,173040,440,6,288,4
10658,26,3502753007,22402,58,11744,32
2136,10,687268201,3374,22,1238,12
11094,30,2254876,23594,66,12500,36
152,2,151673,440,6,288,4
11230,32,2276605,23708,68,12478,36
11230,32,2324491,23724,68,12494,36
152,2,151190,440,6,288,4
11094,30,281691760,23516,66,12422,36
11094,30,283266466,23588,66,12494,36
11094,30,2542678,23516,66,12422,36
11094,30,4374181,23588,66,12494,36
11094,30,9791053,23516,66,12422,36
11094,30,13367507,23588,66,12494,36
11094,30,27479114,24506,66,13412,36
11094,30,22341198,23516,66,12422,36
11094,30,238225116,23588,66,12494,36
11094,30,4113505,23516,66,12422,36
11094,30,9405462,23588,66,12494,36
11094,30,5397466,23516,66,12422,36
11094,30,4057076,23588,66,12494,36
3660,8,1151549994,6056,21,2396,13
7320,16,1151576006,12112,42,4792,26
11094,30,16626028,23516,66,12422,36
11094,30,16761749,23586,66,12492,36
11094,30,190484441,23516,66,12422,36
11094,30,189945404,23588,66,12494,36
11094,30,5709249,23516,66,12422,36
11094,30,4686133,23588,66,12494,36
11094,30,9314599,23516,66,12422,36
11094,30,6773464,23588,66,12494,36
1616,12,899138793,4166,24,2550,12
12822,36,30274509239,25078,74,12256,38
11094,30,136594275,23588,66,12494,36
11230,32,137579144,23652,68,12422,36
11662,38,426191768,24582,80,12920,42
11094,30,133668276,23510,66,12416,36
11366,34,268845973,23788,70,12422,36
10658,26,3563883244,22334,58,11676,32
11230,32,293014874,23996,72,12766,40
152,2,2927937,440,6,288,4
152,2,154580,440,6,288,4
11094,30,9588624,23516,66,12422,36
11094,30,6690289,23418,66,12324,36
11094,30,455631008,23588,66,12494,36
11230,32,2753484,23724,68,12494,36
11094,30,5396206,23516,66,12422,36
152,2,154348,440,6,288,4
11094,30,4741480,23610,66,12516,36
11094,30,5180225,23516,66,12422,36
3988,8,1019008855,5638,20,1650,12
7976,16,1019033552,11276,40,3300,24
152,2,213318,440,6,288,4
2136,10,500647993,3374,22,1238,12
152,2,184682,440,6,288,4
152,2,159153,440,6,288,4
11094,30,2545549,24506,66,13412,36
1018,10,511753410,2314,24,1296,14
11230,32,509991524,23552,68,12322,36
3661,8,385921350,6058,21,2397,13
7322,16,385963487,12116,42,4794,26
1618,12,153611195,4170,24,2552,12
12780,40,29882780210,25582,82,12802,42
11094,30,3589096,23516,66,12422,36
11094,30,4357440,23510,66,12416,36
11094,30,146954799,23418,66,12324,36
10658,26,1768894649,22334,58,11676,32
152,2,171176,440,6,288,4
11094,30,5847694,23592,66,12498,36
11094,30,9312394,23550,66,12456,36
11230,32,10499052,23692,68,12462,36
10732,26,29994584309,22340,56,11608,30
152,2,207993,440,6,288,4
11094,30,2166416,23594,66,12500,36
152,2,151316,440,6,288,4
11230,32,2864190,23708,68,12478,36
11094,30,285600674,23588,66,12494,36
11094,30,7691053,23588,66,12494,36
11094,30,9348732,23516,66,12422,36
152,2,159330,440,6,288,4
11094,30,9452291,23588,66,12494,36
11094,30,8779650,23516,66,12422,36
11094,30,5531674,23516,66,12422,36
11094,30,5202885,23588,66,12494,36
11094,30,186034918,23516,66,12422,36
11094,30,185617816,23588,66,12494,36
11094,30,3701758,23516,66,12422,36
11094,30,5269038,23588,66,12494,36
152,2,164115,440,6,288,4
11094,30,2722216,23516,66,12422,36
11094,30,4304075,23588,66,12494,36
11094,30,4661400,23516,66,12422,36
11094,30,6885018,23588,66,12494,36
152,2,147920,440,6,288,4
11094,30,239321651,23516,66,12422,36
11230,32,238317484,23722,68,12492,36
11094,30,3714281,23516,66,12422,36
11094,30,4340524,23588,66,12494,36
11094,30,3309714,23516,66,12422,36
11094,30,5452660,23588,66,12494,36
11230,32,5430264,23652,68,12422,36
11230,32,5935618,23724,68,12494,36
11094,30,2381616,23516,66,12422,36
11230,32,254074218,23724,68,12494,36
11094,30,4500511,23516,66,12422,36
11094,30,6003432,23586,66,12492,36
11094,30,7029666,23516,66,12422,36
11094,30,5168587,23588,66,12494,36
1154,12,15651644,2456,26,1302,14
11094,30,15485307,23430,66,12336,36
11094,30,9658409,23610,66,12516,36
11094,30,10644411,23516,66,12422,36
1154,12,261185146,2456,26,1302,14
11094,30,260423844,23430,66,12336,36
152,2,158104,440,6,288,4
10732,26,29856714085,22330,56,11598,30
152,2,212409,440,6,288,4
11230,32,2852033,23606,68,12376,36
152,2,151837,440,6,288,4
152,2,154035,440,6,288,4
1154,12,685805,2314,24,1160,12
152,2,153121,440,6,288,4
152,2,149997,440,6,288,4
1154,12,747701,2448,26,1294,14
152,2,153779,440,6,288,4
152,2,156023,440,6,288,4
152,2,150269,440,6,288,4
152,2,158715,440,6,288,4
1154,12,2779661,2322,24,1168,12
11094,30,2565181,23436,66,12342,36
152,2,154157,440,6,288,4
152,2,150570,440,6,288,4
152,2,159340,440,6,288,4
152,2,175295,440,6,288,4
152,2,154502,440,6,288,4
152,2,158676,440,6,288,4
152,2,161705,440,6,288,4
152,2,155343,440,6,288,4
152,2,162993,440,6,288,4
152,2,166943,440,6,288,4
10794,28,13060607406,22528,60,11734,32
11094,30,2748359,23470,66,12376,36
152,2,156734,440,6,288,4
152,2,151845,440,6,288,4
152,2,166621,440,6,288,4
152,2,155620,440,6,288,4
1154,12,2649637,2314,24,1160,12
11230,32,2460132,23554,68,12324,36
152,2,156482,440,6,288,4
152,2,152440,440,6,288,4
152,2,182620,440,6,288,4
152,2,149085,440,6,288,4
152,2,172323,440,6,288,4
152,2,150266,440,6,288,4
1154,12,2744272,2456,26,1302,14
11094,30,1979040,23430,66,12336,36
1018,10,2725103,2320,24,1302,14
11230,32,2025134,23566,68,12336,36
152,2,158219,440,6,288,4
152,2,163769,440,6,288,4
152,2,153507,440,6,288,4
152,2,173459,440,6,288,4
1018,10,702464,2314,24,1296,14
152,2,152855,440,6,288,4
152,2,153043,440,6,288,4
10794,28,8196291563,22528,60,11734,32
11230,32,2377877,23606,68,12376,36
1154,12,739452,2448,26,1294,14
152,2,157610,440,6,288,4
152,2,188473,440,6,288,4
152,2,156814,440,6,288,4
152,2,149866,440,6,288,4
1018,10,2915590,2322,24,1304,14
11230,32,2205000,23572,68,12342,36
152,2,151481,440,6,288,4
152,2,441144,440,6,288,4
152,2,171352,440,6,288,4
152,2,175948,440,6,288,4
152,2,156890,440,6,288,4
152,2,154687,440,6,288,4
152,2,160469,440,6,288,4
152,2,157903,440,6,288,4
152,2,161954,440,6,288,4
152,2,154907,440,6,288,4
152,2,154674,440,6,288,4
152,2,155469,440,6,288,4
152,2,164333,440,6,288,4
152,2,156673,440,6,288,4
1154,12,3031656,2450,26,1296,14
11094,30,2836384,23418,66,12324,36
10794,28,2051689078,22528,60,11734,32
11230,32,3180399,23606,68,12376,36
152,2,158015,440,6,288,4
152,2,158595,440,6,288,4
152,2,159628,440,6,288,4
152,2,153493,440,6,288,4
152,2,184703,440,6,288,4
152,2,159627,440,6,288,4
1018,10,3103002,2320,24,1302,14
11230,32,2368161,23566,68,12336,36
1018,10,3184525,2320,24,1302,14
11094,30,2473480,23430,66,12336,36
152,2,156877,440,6,288,4
152,2,155100,440,6,288,4
152,2,161964,440,6,288,4
152,2,186307,440,6,288,4
1154,12,755058,2450,26,1296,14
152,2,153115,440,6,288,4
152,2,155206,440,6,288,4
1154,12,745552,2448,26,1294,14
152,2,155725,440,6,288,4
152,2,157440,440,6,288,4
152,2,154453,440,6,288,4
152,2,155416,440,6,288,4
1154,12,2731798,2322,24,1168,12
11094,30,1999555,23436,66,12342,36
152,2,148915,440,6,288,4
152,2,163413,440,6,288,4
10658,26,16198149431,22392,58,11734,32
11230,32,2878659,23604,68,12374,36
152,2,157428,440,6,288,4
152,2,158383,440,6,288,4
152,2,157630,440,6,288,4
152,2,155241,440,6,288,4
152,2,160444,440,6,288,4
152,2,151520,440,6,288,4
152,2,170878,440,6,288,4
152,2,179060,440,6,288,4
152,2,153238,440,6,288,4
152,2,151523,440,6,288,4
152,2,178408,440,6,288,4
152,2,169830,440,6,288,4
1154,12,2982980,2450,26,1296,14
11230,32,2073597,23554,68,12324,36
152,2,155250,440,6,288,4
152,2,153698,440,6,288,4
152,2,201106,440,6,288,4
152,2,152251,440,6,288,4
152,2,158811,440,6,288,4
152,2,152326,440,6,288,4
10794,28,10054749472,22528,60,11734,32
11094,30,3648435,23468,66,12374,36
1018,10,4577416,2320,24,1302,14
11094,30,3719695,23430,66,12336,36
1018,10,2986355,2320,24,1302,14
11230,32,2293305,23564,68,12334,36
152,2,160460,440,6,288,4
152,2,152633,440,6,288,4
152,2,157233,440,6,288,4
152,2,153972,440,6,288,4
1154,12,734737,2450,26,1296,14
152,2,156345,440,6,288,4
152,2,189668,440,6,288,4
1154,12,744619,2448,26,1294,14
152,2,166822,440,6,288,4
152,2,150658,440,6,288,4
152,2,147737,440,6,288,4
152,2,161518,440,6,288,4
1018,10,3299793,2322,24,1304,14
11230,32,2366661,23572,68,12342,36
152,2,151289,440,6,288,4
152,2,150733,440,6,288,4
152,2,176123,440,6,288,4
152,2,154492,440,6,288,4
152,2,159348,440,6,288,4
152,2,162688,440,6,288,4
10658,26,4775346474,22392,58,11734,32
11094,30,2135981,23470,66,12376,36
152,2,152676,440,6,288,4
152,2,150111,440,6,288,4
152,2,155348,440,6,288,4
152,2,173917,440,6,288,4
152,2,153369,440,6,288,4
152,2,181194,440,6,288,4
152,2,154323,440,6,288,4
152,2,153294,440,6,288,4
1154,12,3067049,2450,26,1296,14
11094,30,2871862,23418,66,12324,36
152,2,156478,440,6,288,4
152,2,156789,440,6,288,4
152,2,155990,440,6,288,4
152,2,152024,440,6,288,4
152,2,152191,440,6,288,4
152,2,149613,440,6,288,4
1154,12,3113308,2320,24,1166,12
11230,32,2897819,23566,68,12336,36
1018,10,4137947,2320,24,1302,14
11094,30,3436097,23430,66,12336,36
152,2,153001,440,6,288,4
152,2,151686,440,6,288,4
152,2,148473,440,6,288,4
152,2,153311,440,6,288,4
1018,10,679305,2314,24,1296,14
10658,26,2645568,22120,54,11462,28
11094,30,2317627,23470,66,12376,36
152,2,149292,440,6,288,4
152,2,175144,440,6,288,4
1018,10,692343,2312,24,1294,14
152,2,180931,440,6,288,4
152,2,153905,440,6,288,4
152,2,150674,440,6,288,4
152,2,157954,440,6,288,4
1154,12,2823290,2322,24,1168,12
11230,32,2637329,23572,68,12342,36
152,2,150288,440,6,288,4
152,2,201147,440,6,288,4
152,2,206825,440,6,288,4
152,2,157787,440,6,288,4
152,2,168945,440,6,288,4
152,2,177871,440,6,288,4
152,2,163992,440,6,288,4
152,2,444132,440,6,288,4
10522,24,1605108,21984,52,11462,28
11230,32,3583748,23606,68,12376,36
152,2,151625,440,6,288,4
152,2,161650,440,6,288,4
152,2,149807,440,6,288,4
152,2,168517,440,6,288,4
152,2,149970,440,6,288,4
152,2,157311,440,6,288,4
1154,12,3571501,2450,26,1296,14
11230,32,2750810,23554,68,12324,36
152,2,152405,440,6,288,4
152,2,188442,440,6,288,4
152,2,150285,440,6,288,4
152,2,154135,440,6,288,4
3399906,20836,869345144797,5448756,41672,2048850,20836
92,1,30420,184,2,92,1
92,1,46758,184,2,92,1
92,1,29246,184,2,92,1
92,1,31968,184,2,92,1
96420,112,859364712467,104360,227,7940,115
412382,442,850144427547,2196820,1264,1784438,822
206191,221,850144395927,1098410,632,892219,411
15973044,4547,850141128680,91116377,14159,75143333,9612
7314,76,840254280857,16668,182,9354,106
102482,1102,840256787254,290462,2204,187980,1102
7450,78,840260395339,16532,180,9082,102
373126,3960,840261364431,992508,7400,619382,3440
1116048,9482,853217815238,5208268,26766,4092220,17284
3808,56,829247921437,7616,112,3808,56
3808,56,829248666567,7616,112,3808,56
7586,80,840064056856,17076,188,9490,108
79646,850,840576054334,248122,1724,168476,874
3808,56,829663878202,7616,112,3808,56
6288,62,810203874042,15840,172,9552,110
3400,50,736993194613,6800,100,3400,50
21980,174,510044360298,58538,368,36558,194
16268,94,390066124567,37492,202,21224,108
58822,344,405141831673,91908,568,33086,224
101652,1350,390035350535,303616,2704,201964,1354
80300,1036,390518152532,255128,2084,174828,1048
244052,3442,390421476207,900488,8252,656436,4810
15558,78,389964577936,30276,138,14718,60
2524,34,399848881261,5942,70,3418,36
243164,1566,390466020139,370242,2724,127078,1158
241378,1554,390399874647,363396,2642,122018,1088
240140,1546,390263858942,364950,2678,124810,1132
238902,1538,390458379591,362832,2660,123930,1122
237738,1530,390270191129,362964,2674,125226,1144
236636,1524,390209737734,362478,2680,125842,1156
235398,1516,390215017064,359136,2644,123738,1128
234160,1508,390047171813,358378,2646,124218,1138
232374,1496,390267834786,354796,2612,122422,1116
230452,1482,390247094540,353662,2614,123210,1132
229004,1472,360421532619,352076,2606,123072,1134
227218,1460,360014893211,348766,2576,121548,1116
225770,1450,360526605734,344942,2534,119172,1084
224396,1440,360191059818,344728,2544,120332,1104
222474,1426,360084489650,341554,2516,119080,1090
221170,1420,360310950673,337230,2470,116060,1050
219932,1412,360318337478,337016,2480,117084,1068
218694,1404,360163463323,338570,2516,119876,1112
217456,1396,360347955669,337948,2520,120492,1124
216218,1388,360313442943,329710,2412,113492,1024
214980,1380,359903995140,332488,2466,117508,1086
213952,1374,359922921311,330036,2442,116084,1068
212166,1362,360224280142,326454,2408,114288,1046
210244,1348,360150954267,322328,2366,112084,1018
209006,1340,360221668058,321026,2360,112020,1020
207768,1332,360317477332,322444,2394,114676,1062
206320,1322,329947587738,319362,2364,113042,1042
204946,1312,330089806516,316292,2332,111346,1020
203086,1300,329945565430,315084,2334,111998,1034
201164,1286,329882873162,309870,2276,108706,990
199514,1276,329856077923,310640,2306,111126,1030
198140,1266,330268816911,307842,2278,109702,1012
196564,1256,330171280915,306510,2276,109946,1020
195326,1248,329865836261,303576,2246,108250,998
193540,1236,330126382442,303122,2258,109582,1022
192302,1228,330027984767,301820,2252,109518,1024
191064,1220,330234507731,298206,2212,107142,992
190036,1214,329966136583,291946,2132,101910,918
188934,1208,330080265084,295132,2192,106198,984
187696,1200,330313294586,294102,2190,106406,990
186046,1190,330294552547,290112,2150,104066,960
184672,1180,330202592055,286362,2108,101690,928
183088,1168,299902781819,288856,2160,105768,992
181850,1160,300008621102,286194,2134,104344,974
180266,1148,300312250940,278154,2030,97888,882
179164,1142,300190248261,280796,2082,101632,940
177790,1132,299894207613,278406,2060,100616,928
176214,1122,299885158519,278570,2080,102356,958
174564,1112,300375098363,274580,2040,100016,928
173190,1102,300050069249,273006,2030,99816,928
171540,1092,300312077569,269968,2004,98428,912
169754,1080,300314243052,265434,1956,95680,876
168516,1072,299929710265,267124,1994,98608,922
167488,1066,300192026293,266032,1990,98544,924
166250,1058,300039715142,264594,1982,98344,924
165012,1050,300444777352,260028,1928,95016,878
163502,1038,300473867397,259814,1938,96312,900
161852,1028,300186261177,250248,1816,88396,788
160268,1016,270300550000,252742,1868,92474,852
159166,1010,270424662460,254976,1914,95810,904
157170,996,270251691501,251864,1888,94694,892
155384,984,270266722618,247738,1846,92354,862
154146,976,270241064527,247116,1850,92970,874
152772,966,270539687750,243094,1804,90322,838
150850,952,210214403974,242220,1812,91370,860
149476,942,210045182192,239150,1780,89674,838
147690,930,210019338302,237200,1770,89510,840
146588,924,210429916490,235354,1756,88766,832
145350,916,210287189551,230516,1698,85166,782
144112,908,210286343827,231934,1732,87822,824
142738,898,210401062987,225192,1646,82454,748
141088,888,210458433639,227050,1692,85962,804
139850,880,210194221036,224388,1666,84538,786
138064,868,210182441260,221078,1636,83014,768
136488,858,210219125156,219338,1628,82850,770
135250,850,210168783424,218580,1630,83330,780
133464,838,209827338978,216494,1618,83030,780
132226,830,209933295271,210296,1540,78070,710
130642,818,180036713344,206262,1496,75620,678
129268,808,180049113978,209040,1550,79772,742
128166,802,180321726212,207058,1534,78892,732
126928,794,180099313910,206572,1540,79644,746
125142,782,180061522998,202718,1502,77576,720
123904,774,180286394657,199920,1474,76016,700
122666,766,179966804704,199434,1480,76768,714
121428,758,180470940940,197316,1462,75888,704
119642,746,180215230570,195230,1450,75588,704
118404,738,179976927135,190528,1394,72124,656
117376,732,180373229760,190116,1400,72740,668
115590,720,180419393737,186262,1362,70672,642
114352,712,180262275248,184960,1356,70608,644
113114,704,180039404783,180394,1302,67280,598
111328,692,179863014651,183340,1364,72012,672
110090,684,180259618742,179182,1316,69092,632
108506,672,150238325107,176372,1290,67866,618
107132,662,150085419184,172078,1240,64946,578
105894,654,150133593525,173632,1276,67738,622
104792,648,150001993894,171786,1262,66994,614
103554,640,149943227123,169668,1244,66114,604
102316,632,150203546893,167278,1222,64962,590
100530,620,150241369599,164784,1204,64254,584
99292,612,150130226333,162394,1182,63102,570
98054,604,150046599980,159460,1152,61406,548
96132,590,150138539728,158054,1150,61922,560
95240,586,150204375419,155330,1122,60090,536
93318,572,150001074799,153380,1112,60062,540
92216,566,149914045490,150310,1080,58094,514
90430,554,150318358298,149448,1086,59018,532
89192,546,149966922638,143250,1008,54058,462
87060,530,120246273862,144552,1048,57492,518
85274,518,120253500462,142194,1032,56920,514
83488,506,120285606738,138748,1000,55260,494
82250,498,120173448128,136630,982,54380,484
81012,490,120320802330,134648,966,53636,476
680,10,123154665938,1360,20,680,10
79774,482,119890531874,131714,936,51940,454
78536,474,120466389305,130956,938,52420,464
77298,466,120298740088,126662,888,49364,422
76060,458,120498374106,127264,910,51204,452
74484,448,119867957948,124028,880,49544,432
73246,440,120502583669,122046,864,48800,424
72008,432,120319618757,120472,854,48464,422
70770,424,120204065394,118354,836,47584,412
68984,412,119958714802,115452,812,46468,400
67198,400,120351154398,112686,790,45488,390
64930,382,90042791777,108684,752,43754,370
63828,376,90120396782,106158,728,42330,352
62590,368,90308793875,104856,722,42266,354
61352,360,90321138230,102602,702,41250,342
60114,352,89883975955,100484,684,40370,332
58876,344,89946874164,99590,684,40714,340
57638,336,89943187395,97200,662,39562,326
56400,328,90042674479,92770,610,36370,282
55162,320,89930597313,93508,634,38346,314
53924,312,90457574441,91526,618,37602,306
52348,302,90201908771,88562,592,36214,290
51110,294,90073781695,86036,568,34926,274
49872,286,90407455888,85142,568,35270,282
48634,278,90011451985,83296,554,34662,276
46848,266,89901654821,80122,526,33274,260
45264,254,60377337858,76088,482,30824,228
43478,242,60192792872,74002,470,30524,228
11078,30,60284091753,22822,62,11744,32
42240,234,60089627696,72156,456,29916,222
41002,226,60361861717,70310,442,29308,216
39764,218,60342347426,67512,414,27748,196
10732,26,40989598289,22466,58,11734,32
38526,210,59930612305,67026,420,28500,210
37288,202,60185475258,64772,400,27484,198
36050,194,60056152227,62518,380,26468,186
34264,182,60119449664,59752,358,25488,176
33236,176,60418708047,57980,344,24744,168
31450,164,60179694353,55622,328,24172,164
29664,152,60120369629,52176,296,22512,144
28426,144,59873812028,50466,284,22040,140
27052,134,60199310814,48756,272,21704,138
10942,28,60329854226,22618,60,11676,32
25402,124,60139928465,45854,248,20452,124
23818,112,30094963113,43044,222,19226,110
22580,104,29877776162,41334,210,18754,106
21342,96,30275318373,39080,190,17738,94
10794,28,4972040134,22538,60,11744,32
20104,88,30357503648,37098,174,16994,86
10658,26,3362956131,22364,58,11706,32
10658,26,1783069227,22392,58,11734,32
10732,26,30251096480,22272,56,11540,30
3750,9,508785571,6214,23,2464,14
7500,18,508794930,12428,46,4928,28
1344,8,314315473,3894,20,2550,12
18318,76,30156921205,34332,152,16014,76
11094,30,2999937,23516,66,12422,36
11094,30,4591604,23510,66,12416,36
11094,30,4442540,23418,66,12324,36
10658,26,5371875795,22334,58,11676,32
152,2,493385,440,6,288,4
3988,8,1197279595,5638,20,1650,12
7976,16,1197302091,11276,40,3300,24
11094,30,3063190,23592,66,12498,36
152,2,152860,440,6,288,4
11094,30,8459680,23556,66,12462,36
11094,30,3338535,23550,66,12456,36
10658,26,1700630268,22402,58,11744,32
2136,10,530700719,3374,22,1238,12
1154,12,345710459,2320,24,1166,12
11366,34,345525915,23700,70,12334,36
1018,10,29005332,2320,24,1302,14
11230,32,28100424,23566,68,12336,36
11094,30,10287071,23594,66,12500,36
11094,30,2410233,23572,66,12478,36
11094,30,7751439,23588,66,12494,36
11094,30,2481460,23516,66,12422,36
11094,30,8664647,23588,66,12494,36
11094,30,3180236,23516,66,12422,36
11094,30,8982704,23588,66,12494,36
11094,30,37716386,24506,66,13412,36
11094,30,63841948,23516,66,12422,36
11094,30,65330480,23588,66,12494,36
11094,30,42936525,23516,66,12422,36
11094,30,43877573,23588,66,12494,36
11094,30,71143602,23610,66,12516,36
11094,30,70090599,23516,66,12422,36
152,2,166420,440,6,288,4
3819,10,906678174,6284,24,2465,14
7638,20,906698467,12568,48,4930,28
152,2,152345,440,6,288,4
1482,10,521873152,4170,24,2688,14
17080,68,30223797275,32486,138,15406,70
152,2,157338,440,6,288,4
11094,30,4820885,23514,66,12420,36
11230,32,11678540,23646,68,12416,36
11094,30,308543808,23690,70,12596,40
10794,28,3779211908,22470,60,11676,32
152,2,155260,440,6,288,4
1018,10,843089,2314,24,1296,14
11094,30,2562133,23592,66,12498,36
11094,30,109830620,23554,66,12460,36
11230,32,109219471,23686,68,12456,36
3988,8,1173089270,5638,20,1650,12
7976,16,1173113759,11276,40,3300,24
152,2,165600,440,6,288,4
10658,26,7263599297,22402,58,11744,32
152,2,167502,440,6,288,4
11230,32,17550735,23730,68,12500,36
2136,10,301488422,3374,22,1238,12
11094,30,2377149,23572,66,12478,36
11094,30,2570980,23588,66,12494,36
11094,30,7864033,23516,66,12422,36
11094,30,14845873,23588,66,12494,36
11094,30,230126409,23514,66,12420,36
11094,30,232609142,23588,66,12494,36
11094,30,3791207,23516,66,12422,36
11094,30,5955602,23588,66,12494,36
1154,12,736969,2448,26,1294,14
11094,30,8832867,23516,66,12422,36
11094,30,7705253,23588,66,12494,36
11094,30,29009789,24506,66,13412,36
11094,30,267707368,23514,66,12420,36
11094,30,267591238,23588,66,12494,36
11094,30,9619332,23516,66,12422,36
11094,30,10029079,23588,66,12494,36
3660,8,1026501528,6056,21,2396,13
7320,16,1026506392,12112,42,4792,26
11094,30,4779001,23514,66,12420,36
11230,32,9165680,23724,68,12494,36
11094,30,2948431,23516,66,12422,36
11230,32,4783173,23724,68,12494,36
11094,30,210812937,23516,66,12422,36
11094,30,211486374,23588,66,12494,36
152,2,193870,440,6,288,4
11230,32,5410901,23652,68,12422,36
11094,30,7549674,23588,66,12494,36
1616,12,627639617,4166,24,2550,12
11094,30,9005372,23516,66,12422,36
15842,60,30347370290,30504,122,14662,62
11094,30,19528481,23588,66,12494,36
152,2,159450,440,6,288,4
11094,30,176634231,23516,66,12422,36
11094,30,184926603,23588,66,12494,36
11230,32,23801538,23646,68,12416,36
11230,32,23917468,23650,68,12420,36
11094,30,8484600,23514,66,12420,36
11094,30,21298842,23588,66,12494,36
10658,26,1850628368,22334,58,11676,32
152,2,187228,440,6,288,4
11366,34,404296071,23960,74,12594,40
11094,30,169063333,23516,66,12422,36
11094,30,411506208,23724,68,12630,38
1154,12,214973411,2322,24,1168,12
11094,30,213675458,23436,66,12342,36
152,2,153371,440,6,288,4
11094,30,217482201,23592,66,12498,36
11094,30,14510278,23556,66,12462,36
11230,32,17026615,23686,68,12456,36
11094,30,28694197,23610,66,12516,36
11094,30,23995082,23516,66,12422,36
10794,28,5315611725,22538,60,11744,32
4078,9,1146843132,5796,22,1718,13
8156,18,1144192287,11592,44,3436,26
152,2,973527,440,6,288,4
152,2,153621,440,6,288,4
11094,30,3337047,23594,66,12500,36
2272,12,512437108,3510,24,1238,12
11094,30,2526615,23572,66,12478,36
11094,30,3034651,23588,66,12494,36
11094,30,2996011,23516,66,12422,36
11094,30,4708538,23586,66,12492,36
11094,30,2454942,23516,66,12422,36
11094,30,3907840,23610,66,12516,36
11094,30,3299666,24506,66,13412,36
3661,8,655780580,6058,21,2397,13
7322,16,655794547,12116,42,4794,26
152,2,162235,440,6,288,4
10658,26,5009708456,22392,58,11734,32
11094,30,6426449,23470,66,12376,36
1482,10,37376033,4034,22,2552,12
14604,52,30329325010,28522,106,13918,54
152,2,184527,440,6,288,4
11094,30,20079292,23512,66,12418,36
11094,30,16503527,23510,66,12416,36
10658,26,5271286212,22334,58,11676,32
11094,30,6625721,23418,66,12324,36
152,2,153471,440,6,288,4
3988,8,1162450946,5638,20,1650,12
7976,16,1162475821,11276,40,3300,24
11230,32,161008987,23728,68,12498,36
11094,30,12296072,23550,66,12456,36
11230,32,8664951,23692,68,12462,36
152,2,173040,440,6,288,4
10658,26,3502753007,22402,58,11744,32
2136,10,687268201,3374,22,1238,12
11094,30,2254876,23594,66,12500,36
152,2,151673,440,6,288,4
11230,32,2276605,23708,68,12478,36
11230,32,2324491,23724,68,12494,36
152,2,151190,440,6,288,4
11094,30,281691760,23516,66,12422,36
11094,30,283266466,23588,66,12494,36
11094,30,2542678,23516,66,12422,36
11094,30,4374181,23588,66,12494,36
11094,30,9791053,23516,66,12422,36
11094,30,13367507,23588,66,12494,36
11094,30,27479114,24506,66,13412,36
11094,30,22341198,23516,66,12422,36
11094,30,238225116,23588,66,12494,36
11094,30,4113505,23516,66,12422,36
11094,30,9405462,23588,66,12494,36
11094,30,5397466,23516,66,12422,36
11094,30,4057076,23588,66,12494,36
3660,8,1151549994,6056,21,2396,13
7320,16,1151576006,12112,42,4792,26
11094,30,16626028,23516,66,12422,36
11094,30,16761749,23586,66,12492,36
11094,30,190484441,23516,66,12422,36
11094,30,189945404,23588,66,12494,36
11094,30,5709249,23516,66,12422,36
11094,30,4686133,23588,66,12494,36
11094,30,9314599,23516,66,12422,36
11094,30,6773464,23588,66,12494,36
1616,12,899138793,4166,24,2550,12
12822,36,30274509239,25078,74,12256,38
11094,30,136594275,23588,66,12494,36
11230,32,137579144,23652,68,12422,36
11662,38,426191768,24582,80,12920,42
11094,30,133668276,23510,66,12416,36
11366,34,268845973,23788,70,12422,36
10658,26,3563883244,22334,58,11676,32
11230,32,293014874,23996,72,12766,40
152,2,2927937,440,6,288,4
152,2,154580,440,6,288,4
11094,30,9588624,23516,66,12422,36
11094,30,6690289,23418,66,12324,36
11094,30,455631008,23588,66,12494,36
11230,32,2753484,23724,68,12494,36
11094,30,5396206,23516,66,12422,36
152,2,154348,440,6,288,4
11094,30,4741480,23610,66,12516,36
11094,30,5180225,23516,66,12422,36
3988,8,1019008855,5638,20,1650,12
7976,16,1019033552,11276,40,3300,24
152,2,213318,440,6,288,4
2136,10,500647993,3374,22,1238,12
152,2,184682,440,6,288,4
152,2,159153,440,6,288,4
11094,30,2545549,24506,66,13412,36
1018,10,511753410,2314,24,1296,14
11230,32,509991524,23552,68,12322,36
3661,8,385921350,6058,21,2397,13
7322,16,385963487,12116,42,4794,26
1618,12,153611195,4170,24,2552,12
12780,40,29882780210,25582,82,12802,42
11094,30,3589096,23516,66,12422,36
11094,30,4357440,23510,66,12416,36
11094,30,146954799,23418,66,12324,36
10658,26,1768894649,22334,58,11676,32
152,2,171176,440,6,288,4
11094,30,5847694,23592,66,12498,36
11094,30,9312394,23550,66,12456,36
11230,32,10499052,23692,68,12462,36
10732,26,29994584309,22340,56,11608,30
152,2,207993,440,6,288,4
11094,30,2166416,23594,66,12500,36
152,2,151316,440,6,288,4
11230,32,2864190,23708,68,12478,36
11094,30,285600674,23588,66,12494,36
11094,30,7691053,23588,66,12494,36
11094,30,9348732,23516,66,12422,36
152,2,159330,440,6,288,4
11094,30,9452291,23588,66,12494,36
11094,30,8779650,23516,66,12422,36
11094,30,5531674,23516,66,12422,36
11094,30,5202885,23588,66,12494,36
11094,30,186034918,23516,66,12422,36
11094,30,185617816,23588,66,12494,36
11094,30,3701758,23516,66,12422,36
11094,30,5269038,23588,66,12494,36
152,2,164115,440,6,288,4
11094,30,2722216,23516,66,12422,36
11094,30,4304075,23588,66,12494,36
11094,30,4661400,23516,66,12422,36
11094,30,6885018,23588,66,12494,36
152,2,147920,440,6,288,4
11094,30,239321651,23516,66,12422,36
11230,32,238317484,23722,68,12492,36
11094,30,3714281,23516,66,12422,36
11094,30,4340524,23588,66,12494,36
11094,30,3309714,23516,66,12422,36
11094,30,5452660,23588,66,12494,36
11230,32,5430264,23652,68,12422,36
11230,32,5935618,23724,68,12494,36
11094,30,2381616,23516,66,12422,36
11230,32,254074218,23724,68,12494,36
11094,30,4500511,23516,66,12422,36
11094,30,6003432,23586,66,12492,36
11094,30,7029666,23516,66,12422,36
11094,30,5168587,23588,66,12494,36
1154,12,15651644,2456,26,1302,14
11094,30,15485307,23430,66,12336,36
11094,30,9658409,23610,66,12516,36
11094,30,10644411,23516,66,12422,36
1154,12,261185146,2456,26,1302,14
11094,30,260423844,23430,66,12336,36
152,2,158104,440,6,288,4
10732,26,29856714085,22330,56,11598,30
152,2,212409,440,6,288,4
11230,32,2852033,23606,68,12376,36
152,2,151837,440,6,288,4
152,2,154035,440,6,288,4
1154,12,685805,2314,24,1160,12
152,2,153121,440,6,288,4
152,2,149997,440,6,288,4
1154,12,747701,2448,26,1294,14
152,2,153779,440,6,288,4
152,2,156023,440,6,288,4
152,2,150269,440,6,288,4
152,2,158715,440,6,288,4
1154,12,2779661,2322,24,1168,12
11094,30,2565181,23436,66,12342,36
152,2,154157,440,6,288,4
152,2,150570,440,6,288,4
152,2,159340,440,6,288,4
152,2,175295,440,6,288,4
152,2,154502,440,6,288,4
152,2,158676,440,6,288,4
152,2,161705,440,6,288,4
152,2,155343,440,6,288,4
152,2,162993,440,6,288,4
152,2,166943,440,6,288,4
10794,28,13060607406,22528,60,11734,32
11094,30,2748359,23470,66,12376,36
152,2,156734,440,6,288,4
152,2,151845,440,6,288,4
152,2,166621,440,6,288,4
152,2,155620,440,6,288,4
1154,12,2649637,2314,24,1160,12
11230,32,2460132,23554,68,12324,36
152,2,156482,440,6,288,4
152,2,152440,440,6,288,4
152,2,182620,440,6,288,4
152,2,149085,440,6,288,4
152,2,172323,440,6,288,4
152,2,150266,440,6,288,4
1154,12,2744272,2456,26,1302,14
11094,30,1979040,23430,66,12336,36
1018,10,2725103,2320,24,1302,14
11230,32,2025134,23566,68,12336,36
152,2,158219,440,6,288,4
152,2,163769,440,6,288,4
152,2,153507,440,6,288,4
152,2,173459,440,6,288,4
1018,10,702464,2314,24,1296,14
152,2,152855,440,6,288,4
152,2,153043,440,6,288,4
10794,28,8196291563,22528,60,11734,32
11230,32,2377877,23606,68,12376,36
1154,12,739452,2448,26,1294,14
152,2,157610,440,6,288,4
152,2,188473,440,6,288,4
152,2,156814,440,6,288,4
152,2,149866,440,6,288,4
1018,10,2915590,2322,24,1304,14
11230,32,2205000,23572,68,12342,36
152,2,151481,440,6,288,4
152,2,441144,440,6,288,4
152,2,171352,440,6,288,4
152,2,175948,440,6,288,4
152,2,156890,440,6,288,4
152,2,154687,440,6,288,4
152,2,160469,440,6,288,4
152,2,157903,440,6,288,4
152,2,161954,440,6,288,4
152,2,154907,440,6,288,4
152,2,154674,440,6,288,4
152,2,155469,440,6,288,4
152,2,164333,440,6,288,4
152,2,156673,440,6,288,4
1154,12,3031656,2450,26,1296,14
11094,30,2836384,23418,66,12324,36
10794,28,2051689078,22528,60,11734,32
11230,32,3180399,23606,68,12376,36
152,2,158015,440,6,288,4
152,2,158595,440,6,288,4
152,2,159628,440,6,288,4
152,2,153493,440,6,288,4
152,2,184703,440,6,288,4
152,2,159627,440,6,288,4
1018,10,3103002,2320,24,1302,14
11230,32,2368161,23566,68,12336,36
1018,10,3184525,2320,24,1302,14
11094,30,2473480,23430,66,12336,36
152,2,156877,440,6,288,4
152,2,155100,440,6,288,4
152,2,161964,440,6,288,4
152,2,186307,440,6,288,4
1154,12,755058,2450,26,1296,14
152,2,153115,440,6,288,4
152,2,155206,440,6,288,4
1154,12,745552,2448,26,1294,14
152,2,155725,440,6,288,4
152,2,157440,440,6,288,4
152,2,154453,440,6,288,4
152,2,155416,440,6,288,4
1154,12,2731798,2322,24,1168,12
11094,30,1999555,23436,66,12342,36
152,2,148915,440,6,288,4
152,2,163413,440,6,288,4
10522,24,1512218,21984,52,11462,28
11230,32,2878659,23604,68,12374,36
152,2,157428,440,6,288,4
152,2,158383,440,6,288,4
152,2,157630,440,6,288,4
152,2,155241,440,6,288,4
152,2,160444,440,6,288,4
152,2,151520,440,6,288,4
152,2,170878,440,6,288,4
152,2,179060,440,6,288,4
152,2,153238,440,6,288,4
152,2,151523,440,6,288,4
152,2,178408,440,6,288,4
152,2,169830,440,6,288,4
1154,12,2982980,2450,26,1296,14
11230,32,2073597,23554,68,12324,36
152,2,155250,440,6,288,4
152,2,153698,440,6,288,4
152,2,201106,440,6,288,4
152,2,152251,440,6,288,4
152,2,158811,440,6,288,4
152,2,152326,440,6,288,4
10658,26,3302795,22120,54,11462,28
11094,30,3648435,23468,66,12374,36
1018,10,4577416,2320,24,1302,14
11094,30,3719695,23430,66,12336,36
1018,10,2986355,2320,24,1302,14
11230,32,2293305,23564,68,12334,36
152,2,160460,440,6,288,4
152,2,152633,440,6,288,4
152,2,157233,440,6,288,4
152,2,153972,440,6,288,4
1154,12,734737,2450,26,1296,14
152,2,156345,440,6,288,4
152,2,189668,440,6,288,4
1154,12,744619,2448,26,1294,14
152,2,166822,440,6,288,4
152,2,150658,440,6,288,4
152,2,147737,440,6,288,4
152,2,161518,440,6,288,4
1018,10,3299793,2322,24,1304,14
11230,32,2366661,23572,68,12342,36
152,2,151289,440,6,288,4
152,2,150733,440,6,288,4
152,2,176123,440,6,288,4
152,2,154492,440,6,288,4
152,2,159348,440,6,288,4
152,2,162688,440,6,288,4
10522,24,1643847,21984,52,11462,28
11094,30,2135981,23470,66,12376,36
152,2,152676,440,6,288,4
152,2,150111,440,6,288,4
152,2,155348,440,6,288,4
152,2,173917,440,6,288,4
152,2,153369,440,6,288,4
152,2,181194,440,6,288,4
152,2,154323,440,6,288,4
152,2,153294,440,6,288,4
1154,12,3067049,2450,26,1296,14
11094,30,2871862,23418,66,12324,36
152,2,156478,440,6,288,4
152,2,156789,440,6,288,4
152,2,155990,440,6,288,4
152,2,152024,440,6,288,4
3360706,20596,859364550510,5385956,41192,2025250,20596
92,1,30420,184,2,92,1
92,1,46758,184,2,92,1
92,1,29246,184,2,92,1
96052,111,840512012378,103924,225,7872,114
408142,438,840257267235,2173006,1252,1764864,814
204071,219,840257233716,1086503,626,882432,407
15836045,4516,840254097275,90330797,14046,74494752,9530
7314,76,840254280857,16668,182,9354,106
102482,1102,840256787254,290462,2204,187980,1102
7450,78,840260395339,16532,180,9082,102
373126,3960,840261364431,992508,7400,619382,3440
1114632,9470,843329182620,5202352,26730,4087720,17260
3808,56,829247921437,7616,112,3808,56
3808,56,829248666567,7616,112,3808,56
7240,76,810211186068,16520,182,9280,106
79300,846,810720854195,247430,1716,168130,870
3808,56,829663878202,7616,112,3808,56
6288,62,810203874042,15840,172,9552,110
3264,48,706623966234,6528,96,3264,48
21770,172,480186044557,58192,364,36422,192
16268,94,390066124567,37492,202,21224,108
57554,336,393718073747,90168,556,32614,220
101652,1350,390035350535,303616,2704,201964,1354
80300,1036,390518152532,255128,2084,174828,1048
244052,3442,390421476207,900488,8252,656436,4810
15558,78,389964577936,30276,138,14718,60
2388,32,369029993527,5670,66,3282,34
243164,1566,390466020139,370242,2724,127078,1158
241378,1554,390399874647,363396,2642,122018,1088
240140,1546,390263858942,364950,2678,124810,1132
238902,1538,390458379591,362832,2660,123930,1122
237392,1526,360079519555,362272,2666,124880,1140
236290,1520,359846758964,361786,2672,125496,1152
235052,1512,360362558309,358444,2636,123392,1124
233814,1504,360190497815,357686,2638,123872,1134
232028,1492,360411459370,354240,2606,122212,1114
230106,1478,359879637803,353106,2608,123000,1130
229004,1472,360421532619,352076,2606,123072,1134
227218,1460,360014893211,348766,2576,121548,1116
225770,1450,360526605734,344942,2534,119172,1084
224396,1440,360191059818,344728,2544,120332,1104
222474,1426,360084489650,341554,2516,119080,1090
221170,1420,360310950673,337230,2470,116060,1050
219932,1412,360318337478,337016,2480,117084,1068
218694,1404,360163463323,338570,2516,119876,1112
217456,1396,360347955669,337948,2520,120492,1124
216218,1388,360313442943,329710,2412,113492,1024
214980,1380,359903995140,332488,2466,117508,1086
213606,1370,329992020348,329344,2434,115738,1064
211820,1358,330365999919,325762,2400,113942,1042
209898,1344,330298125531,321636,2358,111738,1014
208660,1336,330369676497,320334,2352,111674,1016
207422,1328,329946057575,321752,2386,114330,1058
206320,1322,329947587738,319362,2364,113042,1042
204946,1312,330089806516,316292,2332,111346,1020
203086,1300,329945565430,315084,2334,111998,1034
201164,1286,329882873162,309870,2276,108706,990
199514,1276,329856077923,310640,2306,111126,1030
198140,1266,330268816911,307842,2278,109702,1012
196564,1256,330171280915,306510,2276,109946,1020
195326,1248,329865836261,303576,2246,108250,998
193540,1236,330126382442,303122,2258,109582,1022
192302,1228,330027984767,301820,2252,109518,1024
191064,1220,330234507731,298206,2212,107142,992
189690,1210,299983428741,291254,2124,101564,914
188588,1204,300222380538,294440,2184,105852,980
187350,1196,299946216650,293410,2182,106060,986
185700,1186,300438357969,289420,2142,103720,956
184326,1176,300345727054,285670,2100,101344,924
183088,1168,299902781819,288856,2160,105768,992
181850,1160,300008621102,286194,2134,104344,974
180266,1148,300312250940,278154,2030,97888,882
179164,1142,300190248261,280796,2082,101632,940
177790,1132,299894207613,278406,2060,100616,928
176214,1122,299885158519,278570,2080,102356,958
174564,1112,300375098363,274580,2040,100016,928
173190,1102,300050069249,273006,2030,99816,928
171540,1092,300312077569,269968,2004,98428,912
169754,1080,300314243052,265434,1956,95680,876
168516,1072,299929710265,267124,1994,98608,922
167142,1062,270001890396,265340,1982,98198,920
165904,1054,270184941744,263902,1974,97998,920
164666,1046,270078321608,259336,1920,94670,874
163156,1034,270106163810,259122,1930,95966,896
161506,1024,270329406313,249556,1808,88050,784
160268,1016,270300550000,252742,1868,92474,852
159166,1010,270424662460,254976,1914,95810,904
157170,996,270251691501,251864,1888,94694,892
155384,984,270266722618,247738,1846,92354,862
154146,976,270241064527,247116,1850,92970,874
152772,966,270539687750,243094,1804,90322,838
150850,952,210214403974,242220,1812,91370,860
149476,942,210045182192,239150,1780,89674,838
147690,930,210019338302,237200,1770,89510,840
146588,924,210429916490,235354,1756,88766,832
145350,916,210287189551,230516,1698,85166,782
144112,908,210286343827,231934,1732,87822,824
142738,898,210401062987,225192,1646,82454,748
141088,888,210458433639,227050,1692,85962,804
139850,880,210194221036,224388,1666,84538,786
138064,868,210182441260,221078,1636,83014,768
136142,854,179854837912,218646,1620,82504,766
134904,846,180316013675,217888,1622,82984,776
133118,834,179966618466,215802,1610,82684,776
131880,826,180076352977,209604,1532,77724,706
130642,818,180036713344,206262,1496,75620,678
129268,808,180049113978,209040,1550,79772,742
128166,802,180321726212,207058,1534,78892,732
126928,794,180099313910,206572,1540,79644,746
125142,782,180061522998,202718,1502,77576,720
123904,774,180286394657,199920,1474,76016,700
122666,766,179966804704,199434,1480,76768,714
121428,758,180470940940,197316,1462,75888,704
119642,746,180215230570,195230,1450,75588,704
118404,738,179976927135,190528,1394,72124,656
117030,728,150181366816,189424,1392,72394,664
115244,716,150057017020,185570,1354,70326,638
114006,708,150409929432,184268,1348,70262,640
112768,700,150182847208,179838,1296,67070,596
110982,688,150006895486,182648,1356,71666,668
109744,680,149892154491,178626,1310,68882,630
108506,672,150238325107,176372,1290,67866,618
107132,662,150085419184,172078,1240,64946,578
105894,654,150133593525,173632,1276,67738,622
104792,648,150001993894,171786,1262,66994,614
103554,640,149943227123,169668,1244,66114,604
102316,632,150203546893,167278,1222,64962,590
100530,620,150241369599,164784,1204,64254,584
99292,612,150130226333,162394,1182,63102,570
98054,604,150046599980,159460,1152,61406,548
96132,590,150138539728,158054,1150,61922,560
94894,582,120346590692,154638,1114,59744,532
92972,568,120147963770,152688,1104,59716,536
91870,562,120057254748,149618,1072,57748,510
90084,550,119951367537,148756,1078,58672,528
88846,542,120112066540,142558,1000,53712,458
87060,530,120246273862,144552,1048,57492,518
85274,518,120253500462,142194,1032,56920,514
83488,506,120285606738,138748,1000,55260,494
82250,498,120173448128,136630,982,54380,484
81012,490,120320802330,134648,966,53636,476
680,10,123154665938,1360,20,680,10
79774,482,119890531874,131714,936,51940,454
78536,474,120466389305,130956,938,52420,464
77298,466,120298740088,126662,888,49364,422
76060,458,120498374106,127264,910,51204,452
74484,448,119867957948,124028,880,49544,432
72900,436,90140594379,121354,856,48454,420
71662,428,90467147281,119780,846,48118,418
70424,420,90347798310,117662,828,47238,408
68638,408,90101874409,114760,804,46122,396
66852,396,89989552538,111994,782,45142,386
64930,382,90042791777,108684,752,43754,370
63828,376,90120396782,106158,728,42330,352
62590,368,90308793875,104856,722,42266,354
61352,360,90321138230,102602,702,41250,342
60114,352,89883975955,100484,684,40370,332
58876,344,89946874164,99590,684,40714,340
57638,336,89943187395,97200,662,39562,326
56400,328,90042674479,92770,610,36370,282
55162,320,89930597313,93508,634,38346,314
53924,312,90457574441,91526,618,37602,306
52002,298,60344317120,87870,584,35868,286
50764,290,60217740039,85480,562,34716,272
49526,282,60039992851,84586,562,35060,280
48288,274,60154699206,82604,546,34316,272
46502,262,60068190112,79430,518,32928,256
45264,254,60377337858,76088,482,30824,228
43478,242,60192792872,74002,470,30524,228
11078,30,60284091753,22822,62,11744,32
42240,234,60089627696,72156,456,29916,222
41002,226,60361861717,70310,442,29308,216
39764,218,60342347426,67512,414,27748,196
10732,26,40989598289,22466,58,11734,32
38526,210,59930612305,67026,420,28500,210
37288,202,60185475258,64772,400,27484,198
36050,194,60056152227,62518,380,26468,186
34264,182,60119449664,59752,358,25488,176
32890,172,29984163906,57288,336,24398,164
31104,160,30323399980,54930,320,23826,160
29318,148,30262983054,51620,290,22302,142
28080,140,30017965873,49910,278,21830,138
26706,130,30342863749,48064,264,21358,134
10732,26,30473503248,22272,56,11540,30
25056,120,30283138529,45298,242,20242,122
23818,112,30094963113,43044,222,19226,110
22580,104,29877776162,41334,210,18754,106
21342,96,30275318373,39080,190,17738,94
10794,28,4972040134,22538,60,11744,32
20104,88,30357503648,37098,174,16994,86
10658,26,3362956131,22364,58,11706,32
10658,26,1783069227,22392,58,11734,32
10732,26,30251096480,22272,56,11540,30
3750,9,508785571,6214,23,2464,14
7500,18,508794930,12428,46,4928,28
1344,8,314315473,3894,20,2550,12
18318,76,30156921205,34332,152,16014,76
11094,30,2999937,23516,66,12422,36
11094,30,4591604,23510,66,12416,36
11094,30,4442540,23418,66,12324,36
10658,26,5371875795,22334,58,11676,32
152,2,493385,440,6,288,4
3988,8,1197279595,5638,20,1650,12
7976,16,1197302091,11276,40,3300,24
11094,30,3063190,23592,66,12498,36
152,2,152860,440,6,288,4
11094,30,8459680,23556,66,12462,36
11094,30,3338535,23550,66,12456,36
10658,26,1700630268,22402,58,11744,32
2136,10,530700719,3374,22,1238,12
1154,12,345710459,2320,24,1166,12
11366,34,345525915,23700,70,12334,36
1018,10,29005332,2320,24,1302,14
11230,32,28100424,23566,68,12336,36
11094,30,10287071,23594,66,12500,36
11094,30,2410233,23572,66,12478,36
11094,30,7751439,23588,66,12494,36
11094,30,2481460,23516,66,12422,36
11094,30,8664647,23588,66,12494,36
11094,30,3180236,23516,66,12422,36
11094,30,8982704,23588,66,12494,36
11094,30,37716386,24506,66,13412,36
11094,30,63841948,23516,66,12422,36
11094,30,65330480,23588,66,12494,36
11094,30,42936525,23516,66,12422,36
11094,30,43877573,23588,66,12494,36
11094,30,71143602,23610,66,12516,36
11094,30,70090599,23516,66,12422,36
152,2,166420,440,6,288,4
3819,10,906678174,6284,24,2465,14
7638,20,906698467,12568,48,4930,28
152,2,152345,440,6,288,4
1482,10,521873152,4170,24,2688,14
17080,68,30223797275,32486,138,15406,70
152,2,157338,440,6,288,4
11094,30,4820885,23514,66,12420,36
11230,32,11678540,23646,68,12416,36
11094,30,308543808,23690,70,12596,40
10794,28,3779211908,22470,60,11676,32
152,2,155260,440,6,288,4
1018,10,843089,2314,24,1296,14
11094,30,2562133,23592,66,12498,36
11094,30,109830620,23554,66,12460,36
11230,32,109219471,23686,68,12456,36
3988,8,1173089270,5638,20,1650,12
7976,16,1173113759,11276,40,3300,24
152,2,165600,440,6,288,4
10658,26,7263599297,22402,58,11744,32
152,2,167502,440,6,288,4
11230,32,17550735,23730,68,12500,36
2136,10,301488422,3374,22,1238,12
11094,30,2377149,23572,66,12478,36
11094,30,2570980,23588,66,12494,36
11094,30,7864033,23516,66,12422,36
11094,30,14845873,23588,66,12494,36
11094,30,230126409,23514,66,12420,36
11094,30,232609142,23588,66,12494,36
11094,30,3791207,23516,66,12422,36
11094,30,5955602,23588,66,12494,36
1154,12,736969,2448,26,1294,14
11094,30,8832867,23516,66,12422,36
11094,30,7705253,23588,66,12494,36
11094,30,29009789,24506,66,13412,36
11094,30,267707368,23514,66,12420,36
11094,30,267591238,23588,66,12494,36
11094,30,9619332,23516,66,12422,36
11094,30,10029079,23588,66,12494,36
3660,8,1026501528,6056,21,2396,13
7320,16,1026506392,12112,42,4792,26
11094,30,4779001,23514,66,12420,36
11230,32,9165680,23724,68,12494,36
11094,30,2948431,23516,66,12422,36
11230,32,4783173,23724,68,12494,36
11094,30,210812937,23516,66,12422,36
11094,30,211486374,23588,66,12494,36
152,2,193870,440,6,288,4
11230,32,5410901,23652,68,12422,36
11094,30,7549674,23588,66,12494,36
1616,12,627639617,4166,24,2550,12
11094,30,9005372,23516,66,12422,36
15842,60,30347370290,30504,122,14662,62
11094,30,19528481,23588,66,12494,36
152,2,159450,440,6,288,4
11094,30,176634231,23516,66,12422,36
11094,30,184926603,23588,66,12494,36
11230,32,23801538,23646,68,12416,36
11230,32,23917468,23650,68,12420,36
11094,30,8484600,23514,66,12420,36
11094,30,21298842,23588,66,12494,36
10658,26,1850628368,22334,58,11676,32
152,2,187228,440,6,288,4
11366,34,404296071,23960,74,12594,40
11094,30,169063333,23516,66,12422,36
11094,30,411506208,23724,68,12630,38
1154,12,214973411,2322,24,1168,12
11094,30,213675458,23436,66,12342,36
152,2,153371,440,6,288,4
11094,30,217482201,23592,66,12498,36
11094,30,14510278,23556,66,12462,36
11230,32,17026615,23686,68,12456,36
11094,30,28694197,23610,66,12516,36
11094,30,23995082,23516,66,12422,36
10794,28,5315611725,22538,60,11744,32
4078,9,1146843132,5796,22,1718,13
8156,18,1144192287,11592,44,3436,26
152,2,973527,440,6,288,4
152,2,153621,440,6,288,4
11094,30,3337047,23594,66,12500,36
2272,12,512437108,3510,24,1238,12
11094,30,2526615,23572,66,12478,36
11094,30,3034651,23588,66,12494,36
11094,30,2996011,23516,66,12422,36
11094,30,4708538,23586,66,12492,36
11094,30,2454942,23516,66,12422,36
11094,30,3907840,23610,66,12516,36
11094,30,3299666,24506,66,13412,36
3661,8,655780580,6058,21,2397,13
7322,16,655794547,12116,42,4794,26
152,2,162235,440,6,288,4
10658,26,5009708456,22392,58,11734,32
11094,30,6426449,23470,66,12376,36
1482,10,37376033,4034,22,2552,12
14604,52,30329325010,28522,106,13918,54
152,2,184527,440,6,288,4
11094,30,20079292,23512,66,12418,36
11094,30,16503527,23510,66,12416,36
10658,26,5271286212,22334,58,11676,32
11094,30,6625721,23418,66,12324,36
152,2,153471,440,6,288,4
3988,8,1162450946,5638,20,1650,12
7976,16,1162475821,11276,40,3300,24
11230,32,161008987,23728,68,12498,36
11094,30,12296072,23550,66,12456,36
11230,32,8664951,23692,68,12462,36
152,2,173040,440,6,288,4
10658,26,3502753007,22402,58,11744,32
2136,10,687268201,3374,22,1238,12
11094,30,2254876,23594,66,12500,36
152,2,151673,440,6,288,4
11230,32,2276605,23708,68,12478,36
11230,32,2324491,23724,68,12494,36
152,2,151190,440,6,288,4
11094,30,281691760,23516,66,12422,36
11094,30,283266466,23588,66,12494,36
11094,30,2542678,23516,66,12422,36
11094,30,4374181,23588,66,12494,36
11094,30,9791053,23516,66,12422,36
11094,30,13367507,23588,66,12494,36
11094,30,27479114,24506,66,13412,36
11094,30,22341198,23516,66,12422,36
11094,30,238225116,23588,66,12494,36
11094,30,4113505,23516,66,12422,36
11094,30,9405462,23588,66,12494,36
11094,30,5397466,23516,66,12422,36
11094,30,4057076,23588,66,12494,36
3660,8,1151549994,6056,21,2396,13
7320,16,1151576006,12112,42,4792,26
11094,30,16626028,23516,66,12422,36
11094,30,16761749,23586,66,12492,36
11094,30,190484441,23516,66,12422,36
11094,30,189945404,23588,66,12494,36
11094,30,5709249,23516,66,12422,36
11094,30,4686133,23588,66,12494,36
11094,30,9314599,23516,66,12422,36
11094,30,6773464,23588,66,12494,36
1616,12,899138793,4166,24,2550,12
12822,36,30274509239,25078,74,12256,38
11094,30,136594275,23588,66,12494,36
11230,32,137579144,23652,68,12422,36
11662,38,426191768,24582,80,12920,42
11094,30,133668276,23510,66,12416,36
11366,34,268845973,23788,70,12422,36
10658,26,3563883244,22334,58,11676,32
11230,32,293014874,23996,72,12766,40
152,2,2927937,440,6,288,4
152,2,154580,440,6,288,4
11094,30,9588624,23516,66,12422,36
11094,30,6690289,23418,66,12324,36
11094,30,455631008,23588,66,12494,36
11230,32,2753484,23724,68,12494,36
11094,30,5396206,23516,66,12422,36
152,2,154348,440,6,288,4
11094,30,4741480,23610,66,12516,36
11094,30,5180225,23516,66,12422,36
3988,8,1019008855,5638,20,1650,12
7976,16,1019033552,11276,40,3300,24
152,2,213318,440,6,288,4
2136,10,500647993,3374,22,1238,12
152,2,184682,440,6,288,4
152,2,159153,440,6,288,4
11094,30,2545549,24506,66,13412,36
1018,10,511753410,2314,24,1296,14
11230,32,509991524,23552,68,12322,36
3661,8,385921350,6058,21,2397,13
7322,16,385963487,12116,42,4794,26
1618,12,153611195,4170,24,2552,12
12780,40,29882780210,25582,82,12802,42
11094,30,3589096,23516,66,12422,36
11094,30,4357440,23510,66,12416,36
11094,30,146954799,23418,66,12324,36
10658,26,1768894649,22334,58,11676,32
152,2,171176,440,6,288,4
11094,30,5847694,23592,66,12498,36
11094,30,9312394,23550,66,12456,36
11230,32,10499052,23692,68,12462,36
10732,26,29994584309,22340,56,11608,30
152,2,207993,440,6,288,4
11094,30,2166416,23594,66,12500,36
152,2,151316,440,6,288,4
11230,32,2864190,23708,68,12478,36
11094,30,285600674,23588,66,12494,36
11094,30,7691053,23588,66,12494,36
11094,30,9348732,23516,66,12422,36
152,2,159330,440,6,288,4
11094,30,9452291,23588,66,12494,36
11094,30,8779650,23516,66,12422,36
11094,30,5531674,23516,66,12422,36
11094,30,5202885,23588,66,12494,36
11094,30,186034918,23516,66,12422,36
11094,30,185617816,23588,66,12494,36
11094,30,3701758,23516,66,12422,36
11094,30,5269038,23588,66,12494,36
152,2,164115,440,6,288,4
11094,30,2722216,23516,66,12422,36
11094,30,4304075,23588,66,12494,36
11094,30,4661400,23516,66,12422,36
11094,30,6885018,23588,66,12494,36
152,2,147920,440,6,288,4
11094,30,239321651,23516,66,12422,36
11230,32,238317484,23722,68,12492,36
11094,30,3714281,23516,66,12422,36
11094,30,4340524,23588,66,12494,36
11094,30,3309714,23516,66,12422,36
11094,30,5452660,23588,66,12494,36
11230,32,5430264,23652,68,12422,36
11230,32,5935618,23724,68,12494,36
11094,30,2381616,23516,66,12422,36
11230,32,254074218,23724,68,12494,36
11094,30,4500511,23516,66,12422,36
11094,30,6003432,23586,66,12492,36
11094,30,7029666,23516,66,12422,36
11094,30,5168587,23588,66,12494,36
1154,12,15651644,2456,26,1302,14
11094,30,15485307,23430,66,12336,36
11094,30,9658409,23610,66,12516,36
11094,30,10644411,23516,66,12422,36
1154,12,261185146,2456,26,1302,14
11094,30,260423844,23430,66,12336,36
152,2,158104,440,6,288,4
10522,24,1726238,21984,52,11462,28
152,2,212409,440,6,288,4
11230,32,2852033,23606,68,12376,36
152,2,151837,440,6,288,4
152,2,154035,440,6,288,4
1154,12,685805,2314,24,1160,12
152,2,153121,440,6,288,4
152,2,149997,440,6,288,4
1154,12,747701,2448,26,1294,14
152,2,153779,440,6,288,4
152,2,156023,440,6,288,4
152,2,150269,440,6,288,4
152,2,158715,440,6,288,4
1154,12,2779661,2322,24,1168,12
11094,30,2565181,23436,66,12342,36
152,2,154157,440,6,288,4
152,2,150570,440,6,288,4
152,2,159340,440,6,288,4
152,2,175295,440,6,288,4
152,2,154502,440,6,288,4
152,2,158676,440,6,288,4
152,2,161705,440,6,288,4
152,2,155343,440,6,288,4
152,2,162993,440,6,288,4
152,2,166943,440,6,288,4
10794,28,13060607406,22528,60,11734,32
11094,30,2748359,23470,66,12376,36
152,2,156734,440,6,288,4
152,2,151845,440,6,288,4
152,2,166621,440,6,288,4
152,2,155620,440,6,288,4
1154,12,2649637,2314,24,1160,12
11230,32,2460132,23554,68,12324,36
152,2,156482,440,6,288,4
152,2,152440,440,6,288,4
152,2,182620,440,6,288,4
152,2,149085,440,6,288,4
152,2,172323,440,6,288,4
152,2,150266,440,6,288,4
1154,12,2744272,2456,26,1302,14
11094,30,1979040,23430,66,12336,36
1018,10,2725103,2320,24,1302,14
11230,32,2025134,23566,68,12336,36
152,2,158219,440,6,288,4
152,2,163769,440,6,288,4
152,2,153507,440,6,288,4
152,2,173459,440,6,288,4
1018,10,702464,2314,24,1296,14
152,2,152855,440,6,288,4
152,2,153043,440,6,288,4
10794,28,8196291563,22528,60,11734,32
11230,32,2377877,23606,68,12376,36
1154,12,739452,2448,26,1294,14
152,2,157610,440,6,288,4
152,2,188473,440,6,288,4
152,2,156814,440,6,288,4
152,2,149866,440,6,288,4
1018,10,2915590,2322,24,1304,14
11230,32,2205000,23572,68,12342,36
152,2,151481,440,6,288,4
152,2,441144,440,6,288,4
152,2,171352,440,6,288,4
152,2,175948,440,6,288,4
152,2,156890,440,6,288,4
152,2,154687,440,6,288,4
152,2,160469,440,6,288,4
152,2,157903,440,6,288,4
152,2,161954,440,6,288,4
152,2,154907,440,6,288,4
152,2,154674,440,6,288,4
152,2,155469,440,6,288,4
152,2,164333,440,6,288,4
152,2,156673,440,6,288,4
1154,12,3031656,2450,26,1296,14
11094,30,2836384,23418,66,12324,36
10794,28,2051689078,22528,60,11734,32
11230,32,3180399,23606,68,12376,36
152,2,158015,440,6,288,4
152,2,158595,440,6,288,4
152,2,159628,440,6,288,4
152,2,153493,440,6,288,4
152,2,184703,440,6,288,4
152,2,159627,440,6,288,4
1018,10,3103002,2320,24,1302,14
11230,32,2368161,23566,68,12336,36
1018,10,3184525,2320,24,1302,14
11094,30,2473480,23430,66,12336,36
152,2,156877,440,6,288,4
152,2,155100,440,6,288,4
152,2,161964,440,6,288,4
152,2,186307,440,6,288,4
1154,12,755058,2450,26,1296,14
152,2,153115,440,6,288,4
152,2,155206,440,6,288,4
1154,12,745552,2448,26,1294,14
152,2,155725,440,6,288,4
152,2,157440,440,6,288,4
152,2,154453,440,6,288,4
152,2,155416,440,6,288,4
1154,12,2731798,2322,24,1168,12
11094,30,1999555,23436,66,12342,36
152,2,148915,440,6,288,4
152,2,163413,440,6,288,4
10522,24,1512218,21984,52,11462,28
11230,32,2878659,23604,68,12374,36
152,2,157428,440,6,288,4
152,2,158383,440,6,288,4
152,2,157630,440,6,288,4
152,2,155241,440,6,288,4
152,2,160444,440,6,288,4
152,2,151520,440,6,288,4
152,2,170878,440,6,288,4
152,2,179060,440,6,288,4
152,2,153238,440,6,288,4
152,2,151523,440,6,288,4
152,2,178408,440,6,288,4
152,2,169830,440,6,288,4
1154,12,2982980,2450,26,1296,14
11230,32,2073597,23554,68,12324,36
152,2,155250,440,6,288,4
152,2,153698,440,6,288,4
152,2,201106,440,6,288,4
152,2,152251,440,6,288,4
3323220,20364,849472921018,5325672,40728,2002452,20364
92,1,30420,184,2,92,1
92,1,46758,184,2,92,1
93756,109,830016464866,101492,221,7736,112
403444,434,830272664021,2147116,1240,1743672,806
201722,217,830272631008,1073558,620,871836,403
15581743,4464,830269468865,88872614,13847,73290871,9383
7104,74,810238680212,16112,176,9008,102
102272,1100,817187633550,290116,2200,187844,1100
7104,74,810109606652,15976,174,8872,100
372916,3958,817274373311,992162,7396,619246,3438
1113452,9460,833350075403,5197448,26700,4083996,17240
3808,56,829247921437,7616,112,3808,56
3808,56,829248666567,7616,112,3808,56
7240,76,810211186068,16520,182,9280,106
79300,846,810720854195,247430,1716,168130,870
3672,54,798636588203,7344,108,3672,54
6288,62,810203874042,15840,172,9552,110
3264,48,706623966234,6528,96,3264,48
21770,172,480186044557,58192,364,36422,192
16058,92,360093053270,37146,198,21088,106
56784,330,387832294076,88952,546,32168,216
101442,1348,367851390010,303270,2700,201828,1352
80090,1034,368192038119,254782,2080,174692,1046
243842,3440,369475556052,900142,8248,656300,4808
15212,74,359948610622,29720,132,14508,58
2388,32,369029993527,5670,66,3282,34
243028,1564,367923852839,369896,2720,126868,1156
241242,1552,366344061055,363050,2638,121808,1086
240004,1544,364682992873,364604,2674,124600,1130
238766,1536,363316221538,362486,2656,123720,1120
237392,1526,360079519555,362272,2666,124880,1140
236290,1520,359846758964,361786,2672,125496,1152
235052,1512,360362558309,358444,2636,123392,1124
233814,1504,360190497815,357686,2638,123872,1134
232028,1492,360411459370,354240,2606,122212,1114
230106,1478,359879637803,353106,2608,123000,1130
229004,1472,360421532619,352076,2606,123072,1134
227218,1460,360014893211,348766,2576,121548,1116
225770,1450,360526605734,344942,2534,119172,1084
224396,1440,360191059818,344728,2544,120332,1104
222474,1426,360084489650,341554,2516,119080,1090
221034,1418,339567812869,336884,2466,115850,1048
219796,1410,337800015316,336670,2476,116874,1066
218558,1402,336077779162,338224,2512,119666,1110
217320,1394,334758839828,337602,2516,120282,1122
216082,1386,333185404019,329364,2408,113282,1022
214844,1378,331239227360,332142,2462,117298,1084
213606,1370,329992020348,329344,2434,115738,1064
211820,1358,330365999919,325762,2400,113942,1042
209898,1344,330298125531,321636,2358,111738,1014
208660,1336,330369676497,320334,2352,111674,1016
207422,1328,329946057575,321752,2386,114330,1058
206320,1322,329947587738,319362,2364,113042,1042
204946,1312,330089806516,316292,2332,111346,1020
203086,1300,329945565430,315084,2334,111998,1034
201164,1286,329882873162,309870,2276,108706,990
199514,1276,329856077923,310640,2306,111126,1030
198140,1266,330268816911,307842,2278,109702,1012
196428,1254,308942244770,306164,2272,109736,1018
195190,1246,307321427177,303230,2242,108040,996
193404,1234,303516284477,302776,2254,109372,1020
192166,1226,301847980230,301474,2248,109308,1022
190928,1218,300559078192,297860,2208,106932,990
189690,1210,299983428741,291254,2124,101564,914
188588,1204,300222380538,294440,2184,105852,980
187350,1196,299946216650,293410,2182,106060,986
185700,1186,300438357969,289420,2142,103720,956
184326,1176,300345727054,285670,2100,101344,924
183088,1168,299902781819,288856,2160,105768,992
181850,1160,300008621102,286194,2134,104344,974
180266,1148,300312250940,278154,2030,97888,882
179164,1142,300190248261,280796,2082,101632,940
177790,1132,299894207613,278406,2060,100616,928
176078,1120,278867722548,278224,2076,102146,956
174428,1110,277552411550,274234,2036,99806,926
173054,1100,275699073474,272660,2026,99606,926
171404,1090,274703798886,269622,2000,98218,910
169618,1078,273168465335,265088,1952,95470,874
168380,1070,271258359135,266778,1990,98398,920
167142,1062,270001890396,265340,1982,98198,920
165904,1054,270184941744,263902,1974,97998,920
164666,1046,270078321608,259336,1920,94670,874
163156,1034,270106163810,259122,1930,95966,896
161506,1024,270329406313,249556,1808,88050,784
160268,1016,270300550000,252742,1868,92474,852
159166,1010,270424662460,254976,1914,95810,904
157170,996,270251691501,251864,1888,94694,892
155384,984,270266722618,247738,1846,92354,862
154146,976,270241064527,247116,1850,92970,874
152636,964,250291694195,242748,1800,90112,836
150850,952,210214403974,242220,1812,91370,860
149476,942,210045182192,239150,1780,89674,838
147690,930,210019338302,237200,1770,89510,840
146588,924,210429916490,235354,1756,88766,832
145214,914,190027900103,230170,1694,84956,780
143976,906,188283811052,231588,1728,87612,822
142602,896,186334683523,224846,1642,82244,746
140952,886,184565962242,226704,1688,85752,802
139714,878,183067691575,224042,1662,84328,784
137928,866,181524222833,220732,1632,82804,766
136142,854,179854837912,218646,1620,82504,766
134904,846,180316013675,217888,1622,82984,776
133118,834,179966618466,215802,1610,82684,776
131880,826,180076352977,209604,1532,77724,706
130642,818,180036713344,206262,1496,75620,678
129268,808,180049113978,209040,1550,79772,742
128166,802,180321726212,207058,1534,78892,732
126928,794,180099313910,206572,1540,79644,746
125142,782,180061522998,202718,1502,77576,720
123768,772,160010054256,199574,1470,75806,698
122530,764,156405222886,199088,1476,76558,712
121292,756,154869361515,196970,1458,75678,702
119506,744,153100158456,194884,1446,75378,702
118268,736,151010822313,190182,1390,71914,654
117030,728,150181366816,189424,1392,72394,664
115244,716,150057017020,185570,1354,70326,638
114006,708,150409929432,184268,1348,70262,640
112768,700,150182847208,179838,1296,67070,596
110982,688,150006895486,182648,1356,71666,668
109744,680,149892154491,178626,1310,68882,630
108506,672,150238325107,176372,1290,67866,618
107132,662,150085419184,172078,1240,64946,578
105894,654,150133593525,173632,1276,67738,622
104792,648,150001993894,171786,1262,66994,614
103554,640,149943227123,169668,1244,66114,604
102180,630,128946759999,166932,1218,64752,588
100394,618,127220262498,164438,1200,64044,582
99156,610,125569714794,162048,1178,62892,568
97918,602,123934508984,159114,1148,61196,546
95996,588,121958679592,157708,1146,61712,558
94894,582,120346590692,154638,1114,59744,532
92972,568,120147963770,152688,1104,59716,536
91870,562,120057254748,149618,1072,57748,510
90084,550,119951367537,148756,1078,58672,528
88846,542,120112066540,142558,1000,53712,458
87060,530,120246273862,144552,1048,57492,518
85274,518,120253500462,142194,1032,56920,514
83488,506,120285606738,138748,1000,55260,494
82250,498,120173448128,136630,982,54380,484
81012,490,120320802330,134648,966,53636,476
544,8,92043289756,1088,16,544,8
79638,480,96869179551,131368,932,51730,452
78400,472,95398592627,130610,934,52210,462
77162,464,93682732970,126316,884,49154,420
75924,456,91813116996,126918,906,50994,450
74138,444,89985229147,123336,872,49198,428
72900,436,90140594379,121354,856,48454,420
71662,428,90467147281,119780,846,48118,418
70424,420,90347798310,117662,828,47238,408
68638,408,90101874409,114760,804,46122,396
66852,396,89989552538,111994,782,45142,386
10732,26,52261420885,22408,58,11676,32
64930,382,90042791777,108684,752,43754,370
63828,376,90120396782,106158,728,42330,352
62590,368,90308793875,104856,722,42266,354
61352,360,90321138230,102602,702,41250,342
60114,352,89883975955,100484,684,40370,332
10732,26,41649454209,22408,58,11676,32
58740,342,68583226071,99244,680,40504,338
57502,334,66410012252,96854,658,39352,324
56264,326,64150864854,92424,606,36160,280
55026,318,62795194404,93162,630,38136,312
53788,310,60764110902,91180,614,37392,304
52002,298,60344317120,87870,584,35868,286
50764,290,60217740039,85480,562,34716,272
49526,282,60039992851,84586,562,35060,280
10658,26,24731628879,22334,58,11676,32
48288,274,60154699206,82604,546,34316,272
46502,262,60068190112,79430,518,32928,256
45264,254,60377337858,76088,482,30824,228
43478,242,60192792872,74002,470,30524,228
11078,30,60284091753,22822,62,11744,32
42240,234,60089627696,72156,456,29916,222
10658,26,5176324314,22334,58,11676,32
10658,26,7899784775,22402,58,11744,32
41002,226,60361861717,70310,442,29308,216
10658,26,3220104330,22334,58,11676,32
10794,28,5923404782,22538,60,11744,32
39764,218,60342347426,67512,414,27748,196
10658,26,1220220075,22334,58,11676,32
10732,26,40989598289,22466,58,11734,32
10794,28,3942689360,22538,60,11744,32
3624,8,1491344939,6267,21,2643,13
7248,16,1491363372,12534,42,5286,26
11094,30,415274668,23594,66,12500,36
11094,30,13507343,23572,66,12478,36
1408,10,506843313,4452,22,3044,12
152,2,152031,440,6,288,4
11094,30,3009738,23588,66,12494,36
11094,30,5474455,23516,66,12422,36
11094,30,4080890,23588,66,12494,36
11094,30,6235440,23516,66,12422,36
11094,30,4757675,23588,66,12494,36
152,2,151243,440,6,288,4
11230,32,242888282,23788,70,12558,38
11094,30,241851663,23588,66,12494,36
152,2,151736,440,6,288,4
11094,30,6324478,23516,66,12422,36
11094,30,8050286,23588,66,12494,36
1154,12,9067180,2320,24,1166,12
11118,30,8825955,23680,68,12562,38
1154,12,238893732,2320,24,1166,12
11094,30,12382962,23566,68,12472,38
11094,30,237203076,23410,66,12316,36
11094,30,235887192,23516,66,12422,36
11094,30,236945578,23588,66,12494,36
11094,30,4693849,23516,66,12422,36
11094,30,4864511,23588,66,12494,36
11230,32,4862699,23652,68,12422,36
11094,30,5228048,23584,66,12490,36
11094,30,9437294,23516,66,12422,36
11094,30,10373572,23586,66,12492,36
3988,8,1122071494,5638,20,1650,12
7976,16,1122096336,11276,40,3300,24
11094,30,351762014,23516,66,12422,36
11094,30,351012986,23588,66,12494,36
11094,30,8039798,23608,66,12514,36
11094,30,3856570,23516,66,12422,36
2136,10,313013077,3374,22,1238,12
152,2,173778,440,6,288,4
11094,30,39910957,24506,66,13412,36
1154,12,40040258,2314,24,1160,12
152,2,151613,440,6,288,4
152,2,154249,440,6,288,4
3564,8,507550315,5907,21,2343,13
7128,16,507591216,11814,42,4686,26
152,2,149529,440,6,288,4
1288,10,502861959,3732,22,2444,12
11230,32,2281058,23570,68,12340,36
3988,8,1024026738,5638,20,1650,12
7976,16,1024052234,11276,40,3300,24
152,2,167491,440,6,288,4
152,2,162820,440,6,288,4
2136,10,509657029,3374,22,1238,12
11230,32,2487976,24642,68,13412,36
1154,12,732942,2448,26,1294,14
3660,8,776897115,6056,21,2396,13
7320,16,776915474,12112,42,4792,26
1480,10,427364598,4030,22,2550,12
38390,208,36390614581,66680,416,28290,208
152,2,152880,440,6,288,4
11094,30,6438219,23516,66,12422,36
11094,30,6381736,23510,66,12416,36
11230,32,416569198,23688,70,12458,38
10658,26,3470898578,22334,58,11676,32
152,2,223862,440,6,288,4
1154,12,41509156,2322,24,1168,12
11094,30,40381330,23434,66,12340,36
11230,32,2438387,23728,68,12498,36
152,2,170171,440,6,288,4
11094,30,13151934,23550,66,12456,36
11094,30,11494150,23556,66,12462,36
10658,26,5293379177,22402,58,11744,32
3988,8,1344131299,5638,20,1650,12
7976,16,1344177378,11276,40,3300,24
152,2,156056,440,6,288,4
11094,30,1971825,23594,66,12500,36
11094,30,3635293,23572,66,12478,36
2136,10,492537975,3374,22,1238,12
152,2,154722,440,6,288,4
11094,30,3598987,23586,66,12492,36
11230,32,475946037,23652,68,12422,36
11094,30,477926398,23588,66,12494,36
152,2,157638,440,6,288,4
11094,30,3290023,23610,66,12516,36
11094,30,4656888,23516,66,12422,36
11230,32,2099732,24640,68,13410,36
3818,10,532360793,6282,24,2464,14
7636,20,532383755,12564,48,4928,28
1752,14,206703161,4438,28,2686,14
37152,200,34595000242,64426,396,27274,196
11094,30,8350390,23516,66,12422,36
11230,32,9018941,23646,68,12416,36
11094,30,194195980,23418,66,12324,36
10794,28,1673371710,22470,60,11676,32
152,2,285978,440,6,288,4
3988,8,1097193373,5638,20,1650,12
7976,16,1097217908,11276,40,3300,24
10658,26,4518348779,22392,58,11734,32
152,2,176953,440,6,288,4
11094,30,22839227,23470,66,12376,36
11094,30,20302043,23592,66,12498,36
11094,30,4011497,23556,66,12462,36
11094,30,5517923,23550,66,12456,36
2136,10,795787829,3374,22,1238,12
152,2,172526,440,6,288,4
10658,26,3388342042,22402,58,11744,32
152,2,155539,440,6,288,4
11230,32,4552346,23730,68,12500,36
11094,30,461862694,23572,66,12478,36
152,2,159650,440,6,288,4
11094,30,2814062,23588,66,12494,36
152,2,152116,440,6,288,4
11094,30,7364531,23586,66,12492,36
11094,30,4113629,23516,66,12422,36
11094,30,5824856,24506,66,13412,36
11094,30,3260782,23610,66,12516,36
11094,30,3971698,23516,66,12422,36
3728,9,855665501,6125,22,2397,13
7456,18,855687016,12250,44,4794,26
1752,14,334577048,4440,28,2688,14
35914,192,32910515304,62172,376,26258,184
11094,30,8718323,23516,66,12422,36
11094,30,8547344,23510,66,12416,36
11094,30,326441267,23690,70,12596,40
10658,26,4412529028,22334,58,11676,32
11094,30,2937258,23592,66,12498,36
11366,34,166893184,23824,70,12458,36
11094,30,2544234,23556,66,12462,36
10794,28,1777788100,22500,60,11706,32
3988,8,1255839769,5638,20,1650,12
7976,16,1255862111,11276,40,3300,24
152,2,156324,440,6,288,4
11230,32,8193966,23784,68,12554,36
152,2,251581,440,6,288,4
11094,30,13999834,23510,66,12416,36
11094,30,14258614,23616,66,12522,36
2136,10,930655802,3374,22,1238,12
10658,26,3592788836,22334,58,11676,32
152,2,487947,440,6,288,4
1154,12,15525943,2314,24,1160,12
152,2,158589,440,6,288,4
11366,34,4521026,23690,70,12324,36
11094,30,5095460,23620,66,12526,36
11094,30,2346888,23620,66,12526,36
152,2,165246,440,6,288,4
6908,12,487923327,10004,32,3096,20
1468,12,792120,2714,24,1246,12
11230,32,6317580,24642,68,13412,36
152,2,182559,440,6,288,4
3729,9,515522842,6126,22,2397,13
7458,18,515544491,12252,44,4794,26
1618,12,16402140,4306,26,2688,14
34128,180,30926427779,59406,354,25278,174
11094,30,2960046,23514,66,12420,36
11094,30,5207616,23510,66,12416,36
11094,30,9478863,23418,66,12324,36
10794,28,2430718754,22470,60,11676,32
3988,8,1153999459,5638,20,1650,12
7976,16,1154023461,11276,40,3300,24
11094,30,2622714,23592,66,12498,36
11094,30,167716442,23550,66,12456,36
11094,30,169105089,23556,66,12462,36
10794,28,4334955609,22538,60,11744,32
2272,12,674786386,3510,24,1238,12
152,2,894955,440,6,288,4
11094,30,3490077,23594,66,12500,36
152,2,148393,440,6,288,4
11094,30,2053891,23572,66,12478,36
11094,30,2305233,23588,66,12494,36
11094,30,19283397,23516,66,12422,36
11094,30,2703033,23586,66,12492,36
152,2,148386,440,6,288,4
11094,30,12860801,23588,66,12494,36
11094,30,212861712,23588,66,12494,36
11094,30,221301794,23516,66,12422,36
11094,30,10823204,23588,66,12494,36
11230,32,12767615,24642,68,13412,36
152,2,243498,440,6,288,4
11230,32,6643034,23652,68,12422,36
11094,30,7436174,23586,66,12492,36
11094,30,130812838,23516,66,12422,36
11094,30,130132498,23588,66,12494,36
11094,30,133430895,23516,66,12422,36
11094,30,11058831,23588,66,12494,36
11094,30,10557977,23516,66,12422,36
152,2,157461,440,6,288,4
11094,30,11434791,23588,66,12494,36
3728,9,747640513,6125,22,2397,13
7456,18,747715090,12250,44,4794,26
11094,30,11549378,23516,66,12422,36
11094,30,5589854,23588,66,12494,36
11094,30,5530003,23516,66,12422,36
11094,30,312245258,23610,66,12516,36
152,2,170877,440,6,288,4
11094,30,310966721,23516,66,12422,36
11094,30,2471920,23516,66,12422,36
1616,12,137598774,4304,26,2688,14
32890,172,29984163906,57288,336,24398,164
1018,10,5071373,2320,24,1302,14
11094,30,4852535,23430,66,12336,36
11094,30,9168325,23516,66,12422,36
1154,12,7334179,2320,24,1166,12
11094,30,7155996,23430,66,12336,36
11094,30,4907139,23510,66,12416,36
10794,28,679767062,22470,60,11676,32
11094,30,123056046,23418,66,12324,36
11230,32,2826285,23728,68,12498,36
11094,30,8552374,23552,66,12458,36
11094,30,9107256,23556,66,12462,36
3920,7,1293166260,5570,19,1650,12
7840,14,1293194619,11140,38,3300,24
10658,26,2640888579,22364,58,11706,32
2136,10,1115359227,3374,22,1238,12
11094,30,117837024,23648,66,12554,36
152,2,205078,440,6,288,4
11094,30,280655077,23616,66,12522,36
11094,30,282192546,23510,66,12416,36
152,2,171443,440,6,288,4
1154,12,725026900,2314,24,1160,12
10658,26,2714368752,22334,58,11676,32
10658,26,3493648388,22392,58,11734,32
152,2,165808,440,6,288,4
11094,30,12626343,23468,66,12374,36
11502,36,514118077,24914,72,13412,36
11230,32,6510358,23754,68,12524,36
152,2,186727,440,6,288,4
11230,32,2707597,23754,68,12524,36
7044,14,1852135,10004,32,2960,18
1468,12,839865,2714,24,1246,12
3661,8,538802462,6059,21,2398,13
7322,16,538937293,12118,42,4796,26
152,2,158443,440,6,288,4
152,2,159320,440,6,288,4
1482,10,11555071,4036,22,2554,12
31104,160,30323399980,54930,320,23826,160
11094,30,3139528,23514,66,12420,36
11094,30,6193786,23510,66,12416,36
11094,30,5736354,23418,66,12324,36
10658,26,1741969342,22334,58,11676,32
3988,8,1316486638,5638,20,1650,12
7976,16,1316513000,11276,40,3300,24
11094,30,3344382,23592,66,12498,36
11094,30,163361495,23556,66,12462,36
11094,30,4691356,23552,66,12458,36
1154,12,157494760,2448,26,1294,14
10658,26,652930043,22364,58,11706,32
2272,12,1112604936,3510,24,1238,12
11094,30,5786004,23648,66,12554,36
11094,30,13474205,23616,66,12522,36
11094,30,12343154,23508,66,12414,36
10658,26,955165481,22334,58,11676,32
152,2,149977,440,6,288,4
11230,32,311221220,23890,70,12660,38
152,2,164707,440,6,288,4
11094,30,477965223,23620,66,12526,36
11094,30,476684561,24506,66,13412,36
1154,12,479659611,2322,24,1168,12
11094,30,479465692,23436,66,12342,36
152,2,151060,440,6,288,4
7088,14,3669295,10320,36,3232,22
1196,8,2476999,2442,20,1246,12
3661,8,511353398,6058,21,2397,13
7322,16,511465550,12116,42,4794,26
152,2,149148,440,6,288,4
1482,10,162773390,4034,22,2552,12
29318,148,30262983054,51620,290,22302,142
152,2,146367,440,6,288,4
11094,30,151378719,23516,66,12422,36
11094,30,153005280,23510,66,12416,36
11094,30,9856572,23418,66,12324,36
10658,26,4398535032,22334,58,11676,32
152,2,929178,440,6,288,4
3988,8,1072930828,5638,20,1650,12
7976,16,1073019699,11276,40,3300,24
11094,30,5027077,23592,66,12498,36
11094,30,15465863,23550,66,12456,36
11094,30,14916214,23556,66,12462,36
10794,28,5035955853,22538,60,11744,32
2136,10,630206783,3374,22,1238,12
11094,30,350687663,23594,66,12500,36
11094,30,2208850,23572,66,12478,36
11094,30,4651216,23588,66,12494,36
11094,30,6329767,23516,66,12422,36
11094,30,4294239,23588,66,12494,36
11094,30,6564501,23588,66,12494,36
11094,30,12084310,23514,66,12420,36
11094,30,200705624,23588,66,12494,36
11094,30,199237758,23516,66,12422,36
11094,30,196942964,24504,66,13410,36
152,2,158215,440,6,288,4
11094,30,9126737,23588,66,12494,36
11094,30,6740535,23516,66,12422,36
11094,30,10954569,23516,66,12422,36
11094,30,3086717,23586,66,12492,36
11094,30,11896404,23588,66,12494,36
11094,30,4902432,23516,66,12422,36
152,2,150485,440,6,288,4
3660,8,766831394,6056,21,2396,13
7320,16,766855732,12112,42,4792,26
11094,30,213646071,23516,66,12422,36
11094,30,5042967,23588,66,12494,36
11094,30,6182687,23516,66,12422,36
11094,30,6869104,23588,66,12494,36
11094,30,7317117,23516,66,12422,36
11094,30,12431775,23588,66,12494,36
152,2,150426,440,6,288,4
11094,30,206113591,23516,66,12422,36
11094,30,207699925,23608,66,12514,36
1616,12,20542861,4166,24,2550,12
28080,140,30017965873,49910,278,21830,138
11094,30,4000738,23516,66,12422,36
11094,30,9624957,23510,66,12416,36
152,2,246092,440,6,288,4
11230,32,10609250,23554,68,12324,36
10658,26,2760754775,22334,58,11676,32
3920,7,1143539436,5570,19,1650,12
7840,14,1143562984,11140,38,3300,24
152,2,227889,440,6,288,4
11094,30,2529875,23592,66,12498,36
11094,30,159327902,23550,66,12456,36
11094,30,158545895,23556,66,12462,36
152,2,185740,440,6,288,4
10794,28,3287810517,22538,60,11744,32
2136,10,942375884,3374,22,1238,12
11094,30,7138386,23592,66,12498,36
11094,30,4170901,23570,66,12476,36
11094,30,3485969,23588,66,12494,36
11230,32,3058841,23652,68,12422,36
11094,30,5052789,23588,66,12494,36
11094,30,487268414,23610,66,12516,36
11094,30,488788618,23516,66,12422,36
11230,32,2587767,24642,68,13412,36
3728,9,567069369,6125,22,2397,13
7456,18,567077298,12250,44,4794,26
152,2,150202,440,6,288,4
152,2,207267,440,6,288,4
1616,12,16950003,4304,26,2688,14
26706,130,30342863749,48064,264,21358,134
11094,30,6830557,23516,66,12422,36
11094,30,8780893,23510,66,12416,36
11094,30,6727144,23418,66,12324,36
10658,26,1042000808,22334,58,11676,32
152,2,151905,440,6,288,4
4078,9,1318153039,5796,22,1718,13
8156,18,1318174781,11592,44,3436,26
10658,26,6840089024,22392,58,11734,32
11094,30,178320266,23470,66,12376,36
11094,30,179058137,23592,66,12498,36
152,2,150543,440,6,288,4
11094,30,7698202,23552,66,12458,36
11094,30,10254415,23556,66,12462,36
1018,10,413505802,2314,24,1296,14
11366,34,413156906,23962,74,12596,40
2000,8,1099883176,3238,20,1238,12
10658,26,1571822565,22364,58,11706,32
152,2,149116,440,6,288,4
152,2,155072,440,6,288,4
11230,32,3705430,23784,68,12554,36
11094,30,9969927,23510,66,12416,36
11094,30,3045732,23614,66,12520,36
10732,26,30473503248,22272,56,11540,30
11094,30,480425010,24506,66,13412,36
11094,30,2015419,23620,66,12526,36
11094,30,2890258,23620,66,12526,36
3728,9,463656076,6124,22,2396,13
7456,18,463587995,12248,44,4792,26
7044,14,1842547,10004,32,2960,18
1468,12,787642,2714,24,1246,12
1616,12,146750141,4302,26,2686,14
25056,120,30283138529,45298,242,20242,122
11094,30,135661226,23516,66,12422,36
11094,30,7767097,23510,66,12416,36
152,2,157996,440,6,288,4
11230,32,7336651,23554,68,12324,36
10658,26,5650761060,22334,58,11676,32
152,2,155558,440,6,288,4
3624,8,1151605632,6267,21,2643,13
7248,16,1151625248,12534,42,5286,26
11094,30,3525343,23592,66,12498,36
11094,30,5898499,23550,66,12456,36
11094,30,5472426,23556,66,12462,36
10794,28,7276625034,22538,60,11744,32
152,2,1948127,440,6,288,4
1408,10,983512897,4452,22,3044,12
11230,32,3478203,23730,68,12500,36
152,2,153242,440,6,288,4
11094,30,2260918,23572,66,12478,36
11094,30,4372973,23588,66,12494,36
11094,30,10845892,23516,66,12422,36
11094,30,9648872,23588,66,12494,36
152,2,203577,440,6,288,4
11094,30,6035531,23610,66,12516,36
11230,32,3438421,23652,68,12422,36
152,2,147924,440,6,288,4
11094,30,485640028,23410,66,12316,36
1154,12,3457418,2320,24,1166,12
11094,30,2975251,23430,66,12336,36
3988,8,1178051822,5638,20,1650,12
7976,16,1178079487,11276,40,3300,24
1018,10,2624791,2320,24,1302,14
11094,30,2445715,23430,66,12336,36
2136,10,502625822,3374,22,1238,12
152,2,161932,440,6,288,4
11230,32,50096629,24642,68,13412,36
152,2,186070,440,6,288,4
3654,9,1039592470,6065,23,2411,14
7308,18,1039618809,12130,46,4822,28
152,2,175136,440,6,288,4
1152,8,3327993,3596,20,2444,12
11230,32,2207956,23570,68,12340,36
152,2,151464,440,6,288,4
1154,12,736662,2450,26,1296,14
4078,9,1021713487,5796,22,1718,13
8156,18,1021739496,11592,44,3436,26
152,2,154608,440,6,288,4
2000,8,509583266,3238,20,1238,12
152,2,150813,440,6,288,4
11230,32,2071714,24642,68,13412,36
1154,12,747298,2448,26,1294,14
3660,8,569883952,6056,21,2396,13
7320,16,569910049,12112,42,4792,26
10658,26,1729869442,22392,58,11734,32
11094,30,2296972,23470,66,12376,36
1480,10,13914237,4030,22,2550,12
23818,112,30094963113,43044,222,19226,110
11094,30,2999633,23516,66,12422,36
11094,30,5891506,23510,66,12416,36
11094,30,8155791,23418,66,12324,36
10658,26,1754421832,22334,58,11676,32
152,2,155332,440,6,288,4
3920,7,1187437054,5570,19,1650,12
7840,14,1187458281,11140,38,3300,24
11094,30,5252582,23592,66,12498,36
152,2,379915,440,6,288,4
11230,32,182836725,23692,68,12462,36
11094,30,184383250,23550,66,12456,36
10658,26,3187545456,22402,58,11744,32
2136,10,969966719,3374,22,1238,12
152,2,581419,440,6,288,4
1154,12,459530529,2322,24,1168,12
11502,36,459556015,23844,72,12342,36
152,2,158125,440,6,288,4
11094,30,2094924,23594,66,12500,36
11094,30,2049243,23572,66,12478,36
11094,30,11016896,23588,66,12494,36
152,2,165945,440,6,288,4
11094,30,9674053,23516,66,12422,36
11094,30,459569822,23588,66,12494,36
152,2,157826,440,6,288,4
11094,30,462719329,24506,66,13412,36
11094,30,5622352,23588,66,12494,36
11094,30,8222727,23516,66,12422,36
11094,30,5331329,23610,66,12516,36
11094,30,4850121,23516,66,12422,36
3660,8,539605904,6056,21,2396,13
7320,16,539625595,12112,42,4792,26
1616,12,22567459,4166,24,2550,12
22580,104,29877776162,41334,210,18754,106
11094,30,9120483,23516,66,12422,36
11094,30,10966151,23510,66,12416,36
11094,30,8273901,23418,66,12324,36
10794,28,4232139087,22470,60,11676,32
3988,8,1180673526,5638,20,1650,12
7976,16,1180700353,11276,40,3300,24
11230,32,3745330,23728,68,12498,36
11094,30,178987157,23550,66,12456,36
11094,30,178320512,23556,66,12462,36
152,2,189360,440,6,288,4
10658,26,1491529979,22402,58,11744,32
2272,12,939385661,3510,24,1238,12
152,2,204636,440,6,288,4
11094,30,2409851,23594,66,12500,36
152,2,152610,440,6,288,4
11094,30,3377030,23572,66,12478,36
11230,32,2477451,23724,68,12494,36
11094,30,9005292,23516,66,12422,36
11094,30,7702861,23588,66,12494,36
152,2,154996,440,6,288,4
11094,30,478453998,23516,66,12422,36
11094,30,477971092,23588,66,12494,36
11094,30,483024113,24506,66,13412,36
11230,32,8430761,23746,68,12516,36
11230,32,6570540,23652,68,12422,36
152,2,154602,440,6,288,4
3728,9,511147752,6124,22,2396,13
7456,18,511172101,12248,44,4792,26
152,2,151041,440,6,288,4
1752,14,216789618,4438,28,2686,14
21342,96,30275318373,39080,190,17738,94
11230,32,3986467,23652,68,12422,36
11094,30,5163769,23510,66,12416,36
11094,30,3769426,23418,66,12324,36
10794,28,2591091733,22470,60,11676,32
3988,8,1163176927,5638,20,1650,12
7976,16,1163423754,11276,40,3300,24
11094,30,5799646,23592,66,12498,36
11094,30,164175786,23550,66,12456,36
11094,30,164973467,23556,66,12462,36
10794,28,4972040134,22538,60,11744,32
2136,10,974331961,3374,22,1238,12
11094,30,469478811,23866,70,12772,40
152,2,159202,440,6,288,4
11094,30,2110153,23572,66,12478,36
11094,30,2590219,23588,66,12494,36
11094,30,2598648,23516,66,12422,36
152,2,152214,440,6,288,4
11094,30,6496167,23588,66,12494,36
11094,30,483447044,23610,66,12516,36
11094,30,481730189,23516,66,12422,36
11230,32,5859532,24642,68,13412,36
152,2,152951,440,6,288,4
3661,8,455408751,6059,21,2398,13
7322,16,455430787,12118,42,4796,26
152,2,203014,440,6,288,4
152,2,155827,440,6,288,4
1482,10,191889466,4036,22,2554,12
20104,88,30357503648,37098,174,16994,86
11094,30,8336748,23516,66,12422,36
11094,30,10930257,23510,66,12416,36
10658,26,964267416,22334,58,11676,32
11230,32,10662662,23554,68,12324,36
152,2,1093005,440,6,288,4
1154,12,419679208,2314,24,1160,12
3988,8,1335129501,5638,20,1650,12
7976,16,1335180773,11276,40,3300,24
11094,30,3012785,23592,66,12498,36
11094,30,173950126,23418,66,12324,36
11230,32,174722708,23686,68,12456,36
11094,30,173457768,23556,66,12462,36
10658,26,3362956131,22364,58,11706,32
2136,10,1112801595,3374,22,1238,12
11230,32,12360426,23784,68,12554,36
11366,34,11937314,23782,70,12416,36
11094,30,14955066,23614,66,12520,36
10658,26,1783069227,22392,58,11734,32
10732,26,30251096480,22272,56,11540,30
11366,34,121211315,23742,70,12376,36
152,2,153631,440,6,288,4
11094,30,496330587,24504,66,13410,36
11094,30,7042390,23620,66,12526,36
11094,30,3255586,23620,66,12526,36
152,2,205297,440,6,288,4
7224,16,2833773,10320,36,3096,20
1468,12,1217170,2850,26,1382,14
3750,9,508785571,6214,23,2464,14
7500,18,508794930,12428,46,4928,28
152,2,250197,440,6,288,4
1344,8,314315473,3894,20,2550,12
17972,72,9898143506,33640,144,15668,72
152,2,157467,440,6,288,4
11094,30,2999937,23516,66,12422,36
11094,30,4591604,23510,66,12416,36
11094,30,4442540,23418,66,12324,36
10658,26,5371875795,22334,58,11676,32
152,2,493385,440,6,288,4
3988,8,1197279595,5638,20,1650,12
7976,16,1197302091,11276,40,3300,24
11094,30,3063190,23592,66,12498,36
152,2,152860,440,6,288,4
11094,30,8459680,23556,66,12462,36
11094,30,3338535,23550,66,12456,36
10658,26,1700630268,22402,58,11744,32
2136,10,530700719,3374,22,1238,12
1154,12,345710459,2320,24,1166,12
11366,34,345525915,23700,70,12334,36
1018,10,29005332,2320,24,1302,14
11230,32,28100424,23566,68,12336,36
11094,30,10287071,23594,66,12500,36
11094,30,2410233,23572,66,12478,36
11094,30,7751439,23588,66,12494,36
11094,30,2481460,23516,66,12422,36
11094,30,8664647,23588,66,12494,36
11094,30,3180236,23516,66,12422,36
11094,30,8982704,23588,66,12494,36
11094,30,37716386,24506,66,13412,36
11094,30,63841948,23516,66,12422,36
11094,30,65330480,23588,66,12494,36
11094,30,42936525,23516,66,12422,36
11094,30,43877573,23588,66,12494,36
11094,30,71143602,23610,66,12516,36
11094,30,70090599,23516,66,12422,36
152,2,166420,440,6,288,4
3819,10,906678174,6284,24,2465,14
7638,20,906698467,12568,48,4930,28
152,2,152345,440,6,288,4
1482,10,521873152,4170,24,2688,14
16734,64,8217817686,31794,130,15060,66
152,2,157338,440,6,288,4
11094,30,4820885,23514,66,12420,36
11230,32,11678540,23646,68,12416,36
11094,30,308543808,23690,70,12596,40
10794,28,3779211908,22470,60,11676,32
152,2,155260,440,6,288,4
1018,10,843089,2314,24,1296,14
11094,30,2562133,23592,66,12498,36
11094,30,109830620,23554,66,12460,36
11230,32,109219471,23686,68,12456,36
3988,8,1173089270,5638,20,1650,12
7976,16,1173113759,11276,40,3300,24
152,2,165600,440,6,288,4
10658,26,7263599297,22402,58,11744,32
152,2,167502,440,6,288,4
11230,32,17550735,23730,68,12500,36
2136,10,301488422,3374,22,1238,12
11094,30,2377149,23572,66,12478,36
11094,30,2570980,23588,66,12494,36
11094,30,7864033,23516,66,12422,36
11094,30,14845873,23588,66,12494,36
11094,30,230126409,23514,66,12420,36
11094,30,232609142,23588,66,12494,36
11094,30,3791207,23516,66,12422,36
11094,30,5955602,23588,66,12494,36
1154,12,736969,2448,26,1294,14
11094,30,8832867,23516,66,12422,36
11094,30,7705253,23588,66,12494,36
11094,30,29009789,24506,66,13412,36
11094,30,267707368,23514,66,12420,36
11094,30,267591238,23588,66,12494,36
11094,30,9619332,23516,66,12422,36
11094,30,10029079,23588,66,12494,36
3660,8,1026501528,6056,21,2396,13
7320,16,1026506392,12112,42,4792,26
11094,30,4779001,23514,66,12420,36
11230,32,9165680,23724,68,12494,36
11094,30,2948431,23516,66,12422,36
11230,32,4783173,23724,68,12494,36
11094,30,210812937,23516,66,12422,36
11094,30,211486374,23588,66,12494,36
152,2,193870,440,6,288,4
11230,32,5410901,23652,68,12422,36
11094,30,7549674,23588,66,12494,36
1616,12,627639617,4166,24,2550,12
11094,30,9005372,23516,66,12422,36
15496,56,6287324189,29812,114,14316,58
11094,30,19528481,23588,66,12494,36
152,2,159450,440,6,288,4
11094,30,176634231,23516,66,12422,36
11094,30,184926603,23588,66,12494,36
11230,32,23801538,23646,68,12416,36
11230,32,23917468,23650,68,12420,36
11094,30,8484600,23514,66,12420,36
11094,30,21298842,23588,66,12494,36
10658,26,1850628368,22334,58,11676,32
152,2,187228,440,6,288,4
11366,34,404296071,23960,74,12594,40
11094,30,169063333,23516,66,12422,36
11094,30,411506208,23724,68,12630,38
1154,12,214973411,2322,24,1168,12
11094,30,213675458,23436,66,12342,36
152,2,153371,440,6,288,4
11094,30,217482201,23592,66,12498,36
11094,30,14510278,23556,66,12462,36
11230,32,17026615,23686,68,12456,36
11094,30,28694197,23610,66,12516,36
11094,30,23995082,23516,66,12422,36
10794,28,5315611725,22538,60,11744,32
4078,9,1146843132,5796,22,1718,13
8156,18,1144192287,11592,44,3436,26
152,2,973527,440,6,288,4
152,2,153621,440,6,288,4
11094,30,3337047,23594,66,12500,36
2272,12,512437108,3510,24,1238,12
11094,30,2526615,23572,66,12478,36
11094,30,3034651,23588,66,12494,36
11094,30,2996011,23516,66,12422,36
11094,30,4708538,23586,66,12492,36
11094,30,2454942,23516,66,12422,36
11094,30,3907840,23610,66,12516,36
11094,30,3299666,24506,66,13412,36
3661,8,655780580,6058,21,2397,13
7322,16,655794547,12116,42,4794,26
152,2,162235,440,6,288,4
10658,26,5009708456,22392,58,11734,32
11094,30,6426449,23470,66,12376,36
1482,10,37376033,4034,22,2552,12
14258,48,4232106350,27830,98,13572,50
152,2,184527,440,6,288,4
11094,30,20079292,23512,66,12418,36
11094,30,16503527,23510,66,12416,36
10658,26,5271286212,22334,58,11676,32
11094,30,6625721,23418,66,12324,36
152,2,153471,440,6,288,4
3988,8,1162450946,5638,20,1650,12
7976,16,1162475821,11276,40,3300,24
11230,32,161008987,23728,68,12498,36
11094,30,12296072,23550,66,12456,36
11230,32,8664951,23692,68,12462,36
152,2,173040,440,6,288,4
10658,26,3502753007,22402,58,11744,32
2136,10,687268201,3374,22,1238,12
11094,30,2254876,23594,66,12500,36
152,2,151673,440,6,288,4
11230,32,2276605,23708,68,12478,36
11230,32,2324491,23724,68,12494,36
152,2,151190,440,6,288,4
11094,30,281691760,23516,66,12422,36
11094,30,283266466,23588,66,12494,36
11094,30,2542678,23516,66,12422,36
11094,30,4374181,23588,66,12494,36
11094,30,9791053,23516,66,12422,36
11094,30,13367507,23588,66,12494,36
11094,30,27479114,24506,66,13412,36
11094,30,22341198,23516,66,12422,36
11094,30,238225116,23588,66,12494,36
11094,30,4113505,23516,66,12422,36
11094,30,9405462,23588,66,12494,36
11094,30,5397466,23516,66,12422,36
11094,30,4057076,23588,66,12494,36
3660,8,1151549994,6056,21,2396,13
7320,16,1151576006,12112,42,4792,26
11094,30,16626028,23516,66,12422,36
11094,30,16761749,23586,66,12492,36
11094,30,190484441,23516,66,12422,36
11094,30,189945404,23588,66,12494,36
11094,30,5709249,23516,66,12422,36
11094,30,4686133,23588,66,12494,36
11094,30,9314599,23516,66,12422,36
11094,30,6773464,23588,66,12494,36
1616,12,899138793,4166,24,2550,12
12612,34,2607380320,24732,70,12120,36
11094,30,136594275,23588,66,12494,36
11230,32,137579144,23652,68,12422,36
11662,38,426191768,24582,80,12920,42
11094,30,133668276,23510,66,12416,36
11366,34,268845973,23788,70,12422,36
10658,26,3563883244,22334,58,11676,32
11230,32,293014874,23996,72,12766,40
152,2,2927937,440,6,288,4
152,2,154580,440,6,288,4
11094,30,9588624,23516,66,12422,36
11094,30,6690289,23418,66,12324,36
11094,30,455631008,23588,66,12494,36
11230,32,2753484,23724,68,12494,36
11094,30,5396206,23516,66,12422,36
152,2,154348,440,6,288,4
11094,30,4741480,23610,66,12516,36
11094,30,5180225,23516,66,12422,36
3988,8,1019008855,5638,20,1650,12
7976,16,1019033552,11276,40,3300,24
152,2,213318,440,6,288,4
2136,10,500647993,3374,22,1238,12
152,2,184682,440,6,288,4
152,2,159153,440,6,288,4
11094,30,2545549,24506,66,13412,36
1018,10,511753410,2314,24,1296,14
11230,32,509991524,23552,68,12322,36
3661,8,385921350,6058,21,2397,13
7322,16,385963487,12116,42,4794,26
1618,12,153611195,4170,24,2552,12
12434,36,1775152394,24890,74,12456,38
11094,30,3589096,23516,66,12422,36
11094,30,4357440,23510,66,12416,36
11094,30,146954799,23418,66,12324,36
10658,26,1768894649,22334,58,11676,32
152,2,171176,440,6,288,4
11094,30,5847694,23592,66,12498,36
11094,30,9312394,23550,66,12456,36
11230,32,10499052,23692,68,12462,36
10522,24,3723240,21994,52,11472,28
152,2,207993,440,6,288,4
11094,30,2166416,23594,66,12500,36
152,2,151316,440,6,288,4
11230,32,2864190,23708,68,12478,36
11094,30,285600674,23588,66,12494,36
11094,30,7691053,23588,66,12494,36
11094,30,9348732,23516,66,12422,36
152,2,159330,440,6,288,4
11094,30,9452291,23588,66,12494,36
11094,30,8779650,23516,66,12422,36
11094,30,5531674,23516,66,12422,36
11094,30,5202885,23588,66,12494,36
11094,30,186034918,23516,66,12422,36
11094,30,185617816,23588,66,12494,36
11094,30,3701758,23516,66,12422,36
11094,30,5269038,23588,66,12494,36
152,2,164115,440,6,288,4
11094,30,2722216,23516,66,12422,36
11094,30,4304075,23588,66,12494,36
11094,30,4661400,23516,66,12422,36
11094,30,6885018,23588,66,12494,36
152,2,147920,440,6,288,4
11094,30,239321651,23516,66,12422,36
11230,32,238317484,23722,68,12492,36
11094,30,3714281,23516,66,12422,36
11094,30,4340524,23588,66,12494,36
11094,30,3309714,23516,66,12422,36
11094,30,5452660,23588,66,12494,36
11230,32,5430264,23652,68,12422,36
11230,32,5935618,23724,68,12494,36
11094,30,2381616,23516,66,12422,36
11230,32,254074218,23724,68,12494,36
11094,30,4500511,23516,66,12422,36
11094,30,6003432,23586,66,12492,36
11094,30,7029666,23516,66,12422,36
11094,30,5168587,23588,66,12494,36
1154,12,15651644,2456,26,1302,14
11094,30,15485307,23430,66,12336,36
11094,30,9658409,23610,66,12516,36
11094,30,10644411,23516,66,12422,36
1154,12,261185146,2456,26,1302,14
11094,30,260423844,23430,66,12336,36
152,2,158104,440,6,288,4
10522,24,1726238,21984,52,11462,28
152,2,212409,440,6,288,4
11230,32,2852033,23606,68,12376,36
152,2,151837,440,6,288,4
152,2,154035,440,6,288,4
1154,12,685805,2314,24,1160,12
152,2,153121,440,6,288,4
152,2,149997,440,6,288,4
1154,12,747701,2448,26,1294,14
152,2,153779,440,6,288,4
152,2,156023,440,6,288,4
152,2,150269,440,6,288,4
152,2,158715,440,6,288,4
1154,12,2779661,2322,24,1168,12
11094,30,2565181,23436,66,12342,36
152,2,154157,440,6,288,4
152,2,150570,440,6,288,4
152,2,159340,440,6,288,4
152,2,175295,440,6,288,4
152,2,154502,440,6,288,4
152,2,158676,440,6,288,4
152,2,161705,440,6,288,4
152,2,155343,440,6,288,4
152,2,162993,440,6,288,4
152,2,166943,440,6,288,4
10658,26,4057181,22120,54,11462,28
11094,30,2748359,23470,66,12376,36
152,2,156734,440,6,288,4
152,2,151845,440,6,288,4
152,2,166621,440,6,288,4
152,2,155620,440,6,288,4
1154,12,2649637,2314,24,1160,12
11230,32,2460132,23554,68,12324,36
152,2,156482,440,6,288,4
152,2,152440,440,6,288,4
152,2,182620,440,6,288,4
152,2,149085,440,6,288,4
152,2,172323,440,6,288,4
152,2,150266,440,6,288,4
1154,12,2744272,2456,26,1302,14
11094,30,1979040,23430,66,12336,36
1018,10,2725103,2320,24,1302,14
11230,32,2025134,23566,68,12336,36
152,2,158219,440,6,288,4
152,2,163769,440,6,288,4
152,2,153507,440,6,288,4
152,2,173459,440,6,288,4
1018,10,702464,2314,24,1296,14
152,2,152855,440,6,288,4
152,2,153043,440,6,288,4
10658,26,3834888,22120,54,11462,28
11230,32,2377877,23606,68,12376,36
1154,12,739452,2448,26,1294,14
152,2,157610,440,6,288,4
152,2,188473,440,6,288,4
152,2,156814,440,6,288,4
152,2,149866,440,6,288,4
1018,10,2915590,2322,24,1304,14
11230,32,2205000,23572,68,12342,36
152,2,151481,440,6,288,4
152,2,441144,440,6,288,4
152,2,171352,440,6,288,4
152,2,175948,440,6,288,4
152,2,156890,440,6,288,4
152,2,154687,440,6,288,4
152,2,160469,440,6,288,4
152,2,157903,440,6,288,4
152,2,161954,440,6,288,4
152,2,154907,440,6,288,4
152,2,154674,440,6,288,4
152,2,155469,440,6,288,4
152,2,164333,440,6,288,4
152,2,156673,440,6,288,4
1154,12,3031656,2450,26,1296,14
11094,30,2836384,23418,66,12324,36
10658,26,6166669,22120,54,11462,28
11230,32,3180399,23606,68,12376,36
152,2,158015,440,6,288,4
152,2,158595,440,6,288,4
3280326,20102,838975996478,5257012,40204,1976686,20102
92,1,29739,184,2,92,1
92,1,32573,184,2,92,1
92,1,30420,184,2,92,1
92,1,46758,184,2,92,1
93020,107,828992854833,100528,216,7508,109
398308,428,820291398925,2119806,1222,1721498,794
199154,214,820291365198,1059903,611,860749,397
15337989,4412,820285439860,87474420,13649,72136431,9237
7104,74,810238680212,16112,176,9008,102
102272,1100,817187633550,290116,2200,187844,1100
7104,74,810109606652,15976,174,8872,100
372916,3958,817274373311,992162,7396,619246,3438
1111826,9446,823361197838,5191182,26660,4079356,17214
3672,54,798605167793,7344,108,3672,54
3672,54,798464049947,7344,108,3672,54
7240,76,810211186068,16520,182,9280,106
79300,846,810720854195,247430,1716,168130,870
3672,54,798636588203,7344,108,3672,54
5942,58,779935687366,15148,164,9206,106
3264,48,706623966234,6528,96,3264,48
21770,172,480186044557,58192,364,36422,192
16058,92,360093053270,37146,198,21088,106
55516,322,376821424294,87212,534,31696,212
101442,1348,367851390010,303270,2700,201828,1352
80090,1034,368192038119,254782,2080,174692,1046
243842,3440,369475556052,900142,8248,656300,4808
15212,74,359948610622,29720,132,14508,58
2388,32,369029993527,5670,66,3282,34
243028,1564,367923852839,369896,2720,126868,1156
241242,1552,366344061055,363050,2638,121808,1086
240004,1544,364682992873,364604,2674,124600,1130
238766,1536,363316221538,362486,2656,123720,1120
237392,1526,360079519555,362272,2666,124880,1140
236290,1520,359846758964,361786,2672,125496,1152
235052,1512,360362558309,358444,2636,123392,1124
233814,1504,360190497815,357686,2638,123872,1134
232028,1492,360411459370,354240,2606,122212,1114
230106,1478,359879637803,353106,2608,123000,1130
228868,1470,349650500512,351730,2602,122862,1132
227082,1458,347974842825,348420,2572,121338,1114
225634,1448,346459734589,344596,2530,118962,1082
224260,1438,344567289691,344382,2540,120122,1102
222338,1424,340896945763,341208,2512,118870,1088
221034,1418,339567812869,336884,2466,115850,1048
219796,1410,337800015316,336670,2476,116874,1066
218558,1402,336077779162,338224,2512,119666,1110
217320,1394,334758839828,337602,2516,120282,1122
216082,1386,333185404019,329364,2408,113282,1022
214844,1378,331239227360,332142,2462,117298,1084
213606,1370,329992020348,329344,2434,115738,1064
211820,1358,330365999919,325762,2400,113942,1042
209898,1344,330298125531,321636,2358,111738,1014
208660,1336,330369676497,320334,2352,111674,1016
207422,1328,329946057575,321752,2386,114330,1058
206184,1320,318650936120,319016,2360,112832,1040
204810,1310,317024180328,315946,2328,111136,1018
202950,1298,315365326053,314738,2330,111788,1032
201028,1284,313767100610,309524,2272,108496,988
199378,1274,312203097211,310294,2302,110916,1028
198004,1264,310564673453,307496,2274,109492,1010
196428,1254,308942244770,306164,2272,109736,1018
195190,1246,307321427177,303230,2242,108040,996
193404,1234,303516284477,302776,2254,109372,1020
192166,1226,301847980230,301474,2248,109308,1022
190928,1218,300559078192,297860,2208,106932,990
189690,1210,299983428741,291254,2124,101564,914
188588,1204,300222380538,294440,2184,105852,980
187350,1196,299946216650,293410,2182,106060,986
185700,1186,300438357969,289420,2142,103720,956
184326,1176,300345727054,285670,2100,101344,924
182952,1166,289635507538,288510,2156,105558,990
181714,1158,287993911954,285848,2130,104134,972
180130,1146,284194795980,277808,2026,97678,880
179028,1140,282504195623,280450,2078,101422,938
177654,1130,280707069164,278060,2056,100406,926
176078,1120,278867722548,278224,2076,102146,956
174428,1110,277552411550,274234,2036,99806,926
173054,1100,275699073474,272660,2026,99606,926
171404,1090,274703798886,269622,2000,98218,910
169618,1078,273168465335,265088,1952,95470,874
168380,1070,271258359135,266778,1990,98398,920
167142,1062,270001890396,265340,1982,98198,920
165904,1054,270184941744,263902,1974,97998,920
164666,1046,270078321608,259336,1920,94670,874
163156,1034,270106163810,259122,1930,95966,896
161506,1024,270329406313,249556,1808,88050,784
160132,1014,259052059395,252396,1864,92264,850
159030,1008,257360088331,254630,1910,95600,902
157034,994,255670942059,251518,1884,94484,890
155248,982,254149797062,247392,1842,92144,860
154010,974,252050314675,246770,1846,92760,872
152636,964,250291694195,242748,1800,90112,836
150714,950,196638262470,241874,1808,91160,858
149340,940,194931496759,238804,1776,89464,836
147554,928,193393858862,236854,1766,89300,838
146452,922,191750438370,235008,1752,88556,830
145214,914,190027900103,230170,1694,84956,780
143976,906,188283811052,231588,1728,87612,822
142602,896,186334683523,224846,1642,82244,746
140952,886,184565962242,226704,1688,85752,802
139714,878,183067691575,224042,1662,84328,784
137928,866,181524222833,220732,1632,82804,766
136142,854,179854837912,218646,1620,82504,766
134904,846,180316013675,217888,1622,82984,776
133118,834,179966618466,215802,1610,82684,776
131880,826,180076352977,209604,1532,77724,706
130506,816,168785906175,205916,1492,75410,676
129132,806,166987170347,208694,1546,79562,740
128030,800,165238047563,206712,1530,78682,730
126792,792,163478867793,206226,1536,79434,744
125006,780,161905290967,202372,1498,77366,718
123768,772,160010054256,199574,1470,75806,698
122530,764,156405222886,199088,1476,76558,712
121292,756,154869361515,196970,1458,75678,702
119506,744,153100158456,194884,1446,75378,702
118268,736,151010822313,190182,1390,71914,654
117030,728,150181366816,189424,1392,72394,664
115244,716,150057017020,185570,1354,70326,638
114006,708,150409929432,184268,1348,70262,640
112768,700,150182847208,179838,1296,67070,596
110982,688,150006895486,182648,1356,71666,668
109744,680,149892154491,178626,1310,68882,630
108370,670,137196892208,176026,1286,67656,616
106996,660,135479019213,171732,1236,64736,576
105758,652,134024770366,173286,1272,67528,620
104656,646,132053082239,171440,1258,66784,612
103418,638,130744809753,169322,1240,65904,602
102180,630,128946759999,166932,1218,64752,588
100394,618,127220262498,164438,1200,64044,582
99156,610,125569714794,162048,1178,62892,568
97918,602,123934508984,159114,1148,61196,546
95996,588,121958679592,157708,1146,61712,558
94894,582,120346590692,154638,1114,59744,532
92972,568,120147963770,152688,1104,59716,536
91870,562,120057254748,149618,1072,57748,510
90084,550,119951367537,148756,1078,58672,528
88846,542,120112066540,142558,1000,53712,458
86924,528,108996622658,144206,1044,57282,516
85138,516,106183610570,141848,1028,56710,512
83352,504,104166189819,138402,996,55050,492
82114,496,102511460237,136284,978,54170,482
80876,488,100593627395,134302,962,53426,474
544,8,92043289756,1088,16,544,8
79638,480,96869179551,131368,932,51730,452
78400,472,95398592627,130610,934,52210,462
77162,464,93682732970,126316,884,49154,420
75924,456,91813116996,126918,906,50994,450
74138,444,89985229147,123336,872,49198,428
72900,436,90140594379,121354,856,48454,420
71662,428,90467147281,119780,846,48118,418
70424,420,90347798310,117662,828,47238,408
68638,408,90101874409,114760,804,46122,396
66852,396,89989552538,111994,782,45142,386
10732,26,52261420885,22408,58,11676,32
64794,380,76994819854,108338,748,43544,368
63692,374,75517086607,105812,724,42120,350
62454,366,73655632215,104510,718,42056,352
61216,358,72138332573,102256,698,41040,340
59978,350,70185098785,100138,680,40160,330
10732,26,41649454209,22408,58,11676,32
58740,342,68583226071,99244,680,40504,338
57502,334,66410012252,96854,658,39352,324
56264,326,64150864854,92424,606,36160,280
55026,318,62795194404,93162,630,38136,312
53788,310,60764110902,91180,614,37392,304
52002,298,60344317120,87870,584,35868,286
50764,290,60217740039,85480,562,34716,272
49526,282,60039992851,84586,562,35060,280
10658,26,24731628879,22334,58,11676,32
48288,274,60154699206,82604,546,34316,272
46366,260,49812208884,79084,514,32718,254
45128,252,48358881949,75742,478,30614,226
43342,240,45819538434,73656,466,30314,226
10868,28,30180503720,22476,58,11608,30
42104,232,44452412937,71810,452,29706,220
10658,26,5176324314,22334,58,11676,32
10658,26,7899784775,22402,58,11744,32
40866,224,42412115427,69964,438,29098,214
10658,26,3220104330,22334,58,11676,32
10794,28,5923404782,22538,60,11744,32
39628,216,40641712770,67166,410,27538,194
10658,26,1220220075,22334,58,11676,32
10732,26,40989598289,22466,58,11734,32
10794,28,3942689360,22538,60,11744,32
3624,8,1491344939,6267,21,2643,13
7248,16,1491363372,12534,42,5286,26
11094,30,415274668,23594,66,12500,36
11094,30,13507343,23572,66,12478,36
1408,10,506843313,4452,22,3044,12
152,2,152031,440,6,288,4
11094,30,3009738,23588,66,12494,36
11094,30,5474455,23516,66,12422,36
11094,30,4080890,23588,66,12494,36
11094,30,6235440,23516,66,12422,36
11094,30,4757675,23588,66,12494,36
152,2,151243,440,6,288,4
11230,32,242888282,23788,70,12558,38
11094,30,241851663,23588,66,12494,36
152,2,151736,440,6,288,4
11094,30,6324478,23516,66,12422,36
11094,30,8050286,23588,66,12494,36
1154,12,9067180,2320,24,1166,12
11118,30,8825955,23680,68,12562,38
1154,12,238893732,2320,24,1166,12
11094,30,12382962,23566,68,12472,38
11094,30,237203076,23410,66,12316,36
11094,30,235887192,23516,66,12422,36
11094,30,236945578,23588,66,12494,36
11094,30,4693849,23516,66,12422,36
11094,30,4864511,23588,66,12494,36
11230,32,4862699,23652,68,12422,36
11094,30,5228048,23584,66,12490,36
11094,30,9437294,23516,66,12422,36
11094,30,10373572,23586,66,12492,36
3988,8,1122071494,5638,20,1650,12
7976,16,1122096336,11276,40,3300,24
11094,30,351762014,23516,66,12422,36
11094,30,351012986,23588,66,12494,36
11094,30,8039798,23608,66,12514,36
11094,30,3856570,23516,66,12422,36
2136,10,313013077,3374,22,1238,12
152,2,173778,440,6,288,4
11094,30,39910957,24506,66,13412,36
1154,12,40040258,2314,24,1160,12
152,2,151613,440,6,288,4
152,2,154249,440,6,288,4
3564,8,507550315,5907,21,2343,13
7128,16,507591216,11814,42,4686,26
152,2,149529,440,6,288,4
1288,10,502861959,3732,22,2444,12
11230,32,2281058,23570,68,12340,36
3988,8,1024026738,5638,20,1650,12
7976,16,1024052234,11276,40,3300,24
152,2,167491,440,6,288,4
152,2,162820,440,6,288,4
2136,10,509657029,3374,22,1238,12
11230,32,2487976,24642,68,13412,36
1154,12,732942,2448,26,1294,14
3660,8,776897115,6056,21,2396,13
7320,16,776915474,12112,42,4792,26
1480,10,427364598,4030,22,2550,12
38390,208,36390614581,66680,416,28290,208
152,2,152880,440,6,288,4
11094,30,6438219,23516,66,12422,36
11094,30,6381736,23510,66,12416,36
11230,32,416569198,23688,70,12458,38
10658,26,3470898578,22334,58,11676,32
152,2,223862,440,6,288,4
1154,12,41509156,2322,24,1168,12
11094,30,40381330,23434,66,12340,36
11230,32,2438387,23728,68,12498,36
152,2,170171,440,6,288,4
11094,30,13151934,23550,66,12456,36
11094,30,11494150,23556,66,12462,36
10658,26,5293379177,22402,58,11744,32
3988,8,1344131299,5638,20,1650,12
7976,16,1344177378,11276,40,3300,24
152,2,156056,440,6,288,4
11094,30,1971825,23594,66,12500,36
11094,30,3635293,23572,66,12478,36
2136,10,492537975,3374,22,1238,12
152,2,154722,440,6,288,4
11094,30,3598987,23586,66,12492,36
11230,32,475946037,23652,68,12422,36
11094,30,477926398,23588,66,12494,36
152,2,157638,440,6,288,4
11094,30,3290023,23610,66,12516,36
11094,30,4656888,23516,66,12422,36
11230,32,2099732,24640,68,13410,36
3818,10,532360793,6282,24,2464,14
7636,20,532383755,12564,48,4928,28
1752,14,206703161,4438,28,2686,14
37152,200,34595000242,64426,396,27274,196
11094,30,8350390,23516,66,12422,36
11230,32,9018941,23646,68,12416,36
11094,30,194195980,23418,66,12324,36
10794,28,1673371710,22470,60,11676,32
152,2,285978,440,6,288,4
3988,8,1097193373,5638,20,1650,12
7976,16,1097217908,11276,40,3300,24
10658,26,4518348779,22392,58,11734,32
152,2,176953,440,6,288,4
11094,30,22839227,23470,66,12376,36
11094,30,20302043,23592,66,12498,36
11094,30,4011497,23556,66,12462,36
11094,30,5517923,23550,66,12456,36
2136,10,795787829,3374,22,1238,12
152,2,172526,440,6,288,4
10658,26,3388342042,22402,58,11744,32
152,2,155539,440,6,288,4
11230,32,4552346,23730,68,12500,36
11094,30,461862694,23572,66,12478,36
152,2,159650,440,6,288,4
11094,30,2814062,23588,66,12494,36
152,2,152116,440,6,288,4
11094,30,7364531,23586,66,12492,36
11094,30,4113629,23516,66,12422,36
11094,30,5824856,24506,66,13412,36
11094,30,3260782,23610,66,12516,36
11094,30,3971698,23516,66,12422,36
3728,9,855665501,6125,22,2397,13
7456,18,855687016,12250,44,4794,26
1752,14,334577048,4440,28,2688,14
35914,192,32910515304,62172,376,26258,184
11094,30,8718323,23516,66,12422,36
11094,30,8547344,23510,66,12416,36
11094,30,326441267,23690,70,12596,40
10658,26,4412529028,22334,58,11676,32
11094,30,2937258,23592,66,12498,36
11366,34,166893184,23824,70,12458,36
11094,30,2544234,23556,66,12462,36
10794,28,1777788100,22500,60,11706,32
3988,8,1255839769,5638,20,1650,12
7976,16,1255862111,11276,40,3300,24
152,2,156324,440,6,288,4
11230,32,8193966,23784,68,12554,36
152,2,251581,440,6,288,4
11094,30,13999834,23510,66,12416,36
11094,30,14258614,23616,66,12522,36
2136,10,930655802,3374,22,1238,12
10658,26,3592788836,22334,58,11676,32
152,2,487947,440,6,288,4
1154,12,15525943,2314,24,1160,12
152,2,158589,440,6,288,4
11366,34,4521026,23690,70,12324,36
11094,30,5095460,23620,66,12526,36
11094,30,2346888,23620,66,12526,36
152,2,165246,440,6,288,4
6908,12,487923327,10004,32,3096,20
1468,12,792120,2714,24,1246,12
11230,32,6317580,24642,68,13412,36
152,2,182559,440,6,288,4
3729,9,515522842,6126,22,2397,13
7458,18,515544491,12252,44,4794,26
1618,12,16402140,4306,26,2688,14
34128,180,30926427779,59406,354,25278,174
11094,30,2960046,23514,66,12420,36
11094,30,5207616,23510,66,12416,36
11094,30,9478863,23418,66,12324,36
10794,28,2430718754,22470,60,11676,32
3988,8,1153999459,5638,20,1650,12
7976,16,1154023461,11276,40,3300,24
11094,30,2622714,23592,66,12498,36
11094,30,167716442,23550,66,12456,36
11094,30,169105089,23556,66,12462,36
10794,28,4334955609,22538,60,11744,32
2272,12,674786386,3510,24,1238,12
152,2,894955,440,6,288,4
11094,30,3490077,23594,66,12500,36
152,2,148393,440,6,288,4
11094,30,2053891,23572,66,12478,36
11094,30,2305233,23588,66,12494,36
11094,30,19283397,23516,66,12422,36
11094,30,2703033,23586,66,12492,36
152,2,148386,440,6,288,4
11094,30,12860801,23588,66,12494,36
11094,30,212861712,23588,66,12494,36
11094,30,221301794,23516,66,12422,36
11094,30,10823204,23588,66,12494,36
11230,32,12767615,24642,68,13412,36
152,2,243498,440,6,288,4
11230,32,6643034,23652,68,12422,36
11094,30,7436174,23586,66,12492,36
11094,30,130812838,23516,66,12422,36
11094,30,130132498,23588,66,12494,36
11094,30,133430895,23516,66,12422,36
11094,30,11058831,23588,66,12494,36
11094,30,10557977,23516,66,12422,36
152,2,157461,440,6,288,4
11094,30,11434791,23588,66,12494,36
3728,9,747640513,6125,22,2397,13
7456,18,747715090,12250,44,4794,26
11094,30,11549378,23516,66,12422,36
11094,30,5589854,23588,66,12494,36
11094,30,5530003,23516,66,12422,36
11094,30,312245258,23610,66,12516,36
152,2,170877,440,6,288,4
11094,30,310966721,23516,66,12422,36
11094,30,2471920,23516,66,12422,36
1616,12,137598774,4304,26,2688,14
32890,172,29984163906,57288,336,24398,164
1018,10,5071373,2320,24,1302,14
11094,30,4852535,23430,66,12336,36
11094,30,9168325,23516,66,12422,36
1154,12,7334179,2320,24,1166,12
11094,30,7155996,23430,66,12336,36
11094,30,4907139,23510,66,12416,36
10794,28,679767062,22470,60,11676,32
11094,30,123056046,23418,66,12324,36
11230,32,2826285,23728,68,12498,36
11094,30,8552374,23552,66,12458,36
11094,30,9107256,23556,66,12462,36
3920,7,1293166260,5570,19,1650,12
7840,14,1293194619,11140,38,3300,24
10658,26,2640888579,22364,58,11706,32
2136,10,1115359227,3374,22,1238,12
11094,30,117837024,23648,66,12554,36
152,2,205078,440,6,288,4
11094,30,280655077,23616,66,12522,36
11094,30,282192546,23510,66,12416,36
152,2,171443,440,6,288,4
1154,12,725026900,2314,24,1160,12
10658,26,2714368752,22334,58,11676,32
10658,26,3493648388,22392,58,11734,32
152,2,165808,440,6,288,4
11094,30,12626343,23468,66,12374,36
11502,36,514118077,24914,72,13412,36
11230,32,6510358,23754,68,12524,36
152,2,186727,440,6,288,4
11230,32,2707597,23754,68,12524,36
7044,14,1852135,10004,32,2960,18
1468,12,839865,2714,24,1246,12
3661,8,538802462,6059,21,2398,13
7322,16,538937293,12118,42,4796,26
152,2,158443,440,6,288,4
152,2,159320,440,6,288,4
1482,10,11555071,4036,22,2554,12
31104,160,30323399980,54930,320,23826,160
11094,30,3139528,23514,66,12420,36
11094,30,6193786,23510,66,12416,36
11094,30,5736354,23418,66,12324,36
10658,26,1741969342,22334,58,11676,32
3988,8,1316486638,5638,20,1650,12
7976,16,1316513000,11276,40,3300,24
11094,30,3344382,23592,66,12498,36
11094,30,163361495,23556,66,12462,36
11094,30,4691356,23552,66,12458,36
1154,12,157494760,2448,26,1294,14
10658,26,652930043,22364,58,11706,32
2272,12,1112604936,3510,24,1238,12
11094,30,5786004,23648,66,12554,36
11094,30,13474205,23616,66,12522,36
11094,30,12343154,23508,66,12414,36
10658,26,955165481,22334,58,11676,32
152,2,149977,440,6,288,4
11230,32,311221220,23890,70,12660,38
152,2,164707,440,6,288,4
11094,30,477965223,23620,66,12526,36
11094,30,476684561,24506,66,13412,36
1154,12,479659611,2322,24,1168,12
11094,30,479465692,23436,66,12342,36
152,2,151060,440,6,288,4
7088,14,3669295,10320,36,3232,22
1196,8,2476999,2442,20,1246,12
3661,8,511353398,6058,21,2397,13
7322,16,511465550,12116,42,4794,26
152,2,149148,440,6,288,4
1482,10,162773390,4034,22,2552,12
29318,148,30262983054,51620,290,22302,142
152,2,146367,440,6,288,4
11094,30,151378719,23516,66,12422,36
11094,30,153005280,23510,66,12416,36
11094,30,9856572,23418,66,12324,36
10658,26,4398535032,22334,58,11676,32
152,2,929178,440,6,288,4
3988,8,1072930828,5638,20,1650,12
7976,16,1073019699,11276,40,3300,24
11094,30,5027077,23592,66,12498,36
11094,30,15465863,23550,66,12456,36
5828,14,1789239,8238,32,2410,18
5502,8,1194535,7670,20,2168,12
1496,22,307294713861,2992,44,1496,22
34120,332,4650589094539,88096,956,53976,624
4876,6,728537,6950,18,2074,12
4868,6,569591,7036,18,2168,12
4860,6,542753,6934,18,2074,12
4852,6,1116241,7020,18,2168,12
4852,6,532506,7020,18,2168,12
4860,6,1006996,7028,18,2168,12
4852,6,569345,7020,18,2168,12
5498,8,714427,7666,20,2168,12
4860,6,753340,7028,18,2168,12
5944,16,1535187,8354,34,2410,18
4852,6,548732,7020,18,2168,12
4872,6,548559,7040,18,2168,12
5820,14,1393280,8230,32,2410,18
6036,18,1108838,8446,36,2410,18
4876,6,1191265,6950,18,2074,12
243078,3406,4657250524523,716210,6824,473132,3418
4876,6,551290,6950,18,2074,12
4868,6,567318,7036,18,2168,12
4868,6,508555015,7036,18,2168,12
92,1,49668,184,2,92,1
37196,362,5070589027606,96016,1042,58820,680
6152,10,2171406,8456,24,2304,14
4868,6,998696,7036,18,2168,12
33872,324,4770082683529,89232,964,55360,640
36134,354,4860573912342,91988,998,55854,644
5502,8,1044572,7670,20,2168,12
4868,6,549547,7036,18,2168,12
23990,232,3300571310581,62260,674,38270,442
4872,6,879763,7040,18,2168,12
4852,6,550749,7020,18,2168,12
4868,6,539682,7036,18,2168,12
4868,6,801177,7036,18,2168,12
6148,10,1311310,8452,24,2304,14
5940,16,1555998,8350,34,2410,18
4868,6,561344,7036,18,2168,12
5820,14,1381167,8230,32,2410,18
4852,6,858005,7020,18,2168,12
5816,14,1325628,8226,32,2410,18
4852,6,537744,7020,18,2168,12
6160,10,1330993,8464,24,2304,14
5522,8,672590,7708,22,2186,14
4872,6,535398,7040,18,2168,12
4852,6,551943,7020,18,2168,12
4852,6,575571,7020,18,2168,12
4876,6,540596,6950,18,2074,12
5940,16,2015148,8214,32,2274,16
14680200,90300,3229279288553,23671500,180600,8991300,90300
29065078,19663,4610559885262,161844488,38049,132779410,18386
4856,6,1058193,7024,18,2168,12
5514,8,653517,7794,22,2280,14
4868,6,1761620,7036,18,2168,12
5518,8,1072418,7686,20,2168,12
4852,6,568088,7020,18,2168,12
4868,6,585273,7036,18,2168,12
4868,6,542146,7036,18,2168,12
4872,6,860973,7040,18,2168,12
56,1,510626727,168,3,112,2
36182,346,5100063328195,95348,1030,59166,684
4872,6,564228,7040,18,2168,12
4868,6,970780,7036,18,2168,12
5924,16,985343,8198,32,2274,16
4868,6,541497,7036,18,2168,12
5948,16,1520712,8358,34,2410,18
4860,6,844008,7028,18,2168,12
5924,16,999089,8198,32,2274,16
4868,6,556984,7036,18,2168,12
6044,18,1463396,8454,36,2410,18
4856,6,926147,7024,18,2168,12
4856,6,562552,7024,18,2168,12
4868,6,848416,7036,18,2168,12
26880,256,3810081282386,71168,768,44288,512
4852,6,525308,7020,18,2168,12
4876,6,585330,6950,18,2074,12
4868,6,544049,7036,18,2168,12
5836,14,1553390,8246,32,2410,18
4860,6,542713,6934,18,2074,12
4872,6,1024177,7040,18,2168,12
4868,6,572828,7036,18,2168,12
4856,6,575863,7024,18,2168,12
4868,6,550547,7036,18,2168,12
4872,6,1032092,7040,18,2168,12
4868,6,867930,7036,18,2168,12
5828,14,1403716,8238,32,2410,18
6036,18,1139030,8446,36,2410,18
4872,6,529307,7040,18,2168,12
28758,276,4020096256837,75332,814,46574,538
5932,16,1618668,8206,32,2274,16
4860,6,562388,6934,18,2074,12
4860,6,541312,6934,18,2074,12
6052,18,1475601,8462,36,2410,18
4868,6,717567,7036,18,2168,12
4856,6,542458,7024,18,2168,12
4868,6,552816,7036,18,2168,12
6152,10,1351268,8456,24,2304,14
4876,6,538496,7044,18,2168,12
4868,6,875902,7036,18,2168,12
5836,14,1841670,8246,32,2410,18
6164,10,1350685,8468,24,2304,14
92,1,33000,184,2,92,1
4868,6,553394,7036,18,2168,12
4872,6,547784,7040,18,2168,12
4876,6,848778,7044,18,2168,12
4868,6,833623,7036,18,2168,12
4876,6,551490,7044,18,2168,12
23162,222,3240063539655,60876,658,37714,436
4876,6,556399,7044,18,2168,12
4860,6,860825,7028,18,2168,12
4852,6,525308,7020,18,2168,12
4872,6,853715,7040,18,2168,12
6164,10,1350685,8468,24,2304,14
5928,16,1747624,8202,32,2274,16
4852,6,545224,7020,18,2168,12
4868,6,792713,7036,18,2168,12
4876,6,545853,7044,18,2168,12
4876,6,548600,7044,18,2168,12
5944,16,1471540,8218,32,2274,16
4876,6,541824,6950,18,2074,12
5924,16,1248227,8198,32,2274,16
6052,18,1502688,8462,36,2410,18
56,1,38268,116,2,60,1
47748,552,4110049587185,77544,840,29796,288
22452914,138114,4939263070620,36205116,276228,13752202,138114
33600,320,4770047850522,88960,960,55360,640
4868,6,558206,7036,18,2168,12
4856,6,1135425,7024,18,2168,12
5928,16,1492091,8202,32,2274,16
4852,6,562064,7020,18,2168,12
4852,6,530969,7020,18,2168,12
5518,8,1065706,7686,20,2168,12
377306,2716,3699548794879,571170,5432,193864,2716
92,1,33492,184,2,92,1
37456,368,5010555814561,95040,1032,57584,664
4876,6,547571,6950,18,2074,12
4860,6,550583,7028,18,2168,12
170858,2394,3275106381478,503898,4800,333040,2406
4860,6,549741,6934,18,2074,12
305276,2224,3030050961082,464056,4448,158780,2224
4856,6,871259,7024,18,2168,12
4868,6,873201,7036,18,2168,12
4876,6,547145,7044,18,2168,12
4868,6,1469491,7036,18,2168,12
4876,6,534302,6950,18,2074,12
4868,6,547132,7036,18,2168,12
22742,218,3180284717639,59764,646,37022,428
6148,10,1264769,8452,24,2304,14
4856,6,537708,7024,18,2168,12
4868,6,539186,7036,18,2168,12
5924,16,1048901,8198,32,2274,16
4852,6,545972,7020,18,2168,12
4860,6,885710,7028,18,2168,12
4852,6,609282,7020,18,2168,12
4868,6,540425,7036,18,2168,12
4876,6,538365,6950,18,2074,12
4876,6,782922,7044,18,2168,12
4872,6,548648,7040,18,2168,12
4856,6,539948,7024,18,2168,12
2312,34,491296180252,4624,68,2312,34
4852,6,567188,7020,18,2168,12
4868,6,832900,7036,18,2168,12
4872,6,891044,7040,18,2168,12
4852,6,552240,7020,18,2168,12
4868,6,535413,7036,18,2168,12
5828,14,2684482,8238,32,2410,18
4852,6,532475,7020,18,2168,12
403216,2914,3971585879431,610802,5822,207586,2908
4868,6,1409949,7036,18,2168,12
4868,6,533302,7036,18,2168,12
5832,14,1367067,8242,32,2410,18
5816,14,1366694,8226,32,2410,18
4876,6,659435,6950,18,2074,12
4860,6,540037,7028,18,2168,12
4876,6,544770,6950,18,2074,12
4860,6,552412,7028,18,2168,12
26102,250,3660097220290,68660,742,42558,492
216388,3032,4146720307077,637742,6076,421354,3044
36960,352,5250082168047,97856,1056,60896,704
4856,6,820871,7024,18,2168,12
4856,6,980000,7024,18,2168,12
4868,6,819459,7036,18,2168,12
4876,6,566577,7044,18,2168,12
6296,12,1553835,8600,26,2304,14
4868,6,998696,7036,18,2168,12
4876,6,584720,6950,18,2074,12
36182,346,5100065684746,95348,1030,59166,684
4872,6,873875,7040,18,2168,12
4856,6,798908,7024,18,2168,12
29414,290,3900573812231,74196,806,44782,516
4868,6,547348,7036,18,2168,12
5816,14,1865399,8226,32,2410,18
5820,14,1516745,8230,32,2410,18
4876,6,688259,7044,18,2168,12
4852,6,532574,7020,18,2168,12
4872,6,821692,7040,18,2168,12
351692,2562,3489534691125,534566,5124,182874,2562
36306,350,5040065083542,94780,1026,58474,676
4872,6,892498,7040,18,2168,12
4872,6,540818,7040,18,2168,12
29104,280,4050047790479,76160,824,47056,544
6036,18,1115444,8446,36,2410,18
4852,6,552548,7020,18,2168,12
4860,6,991477,7028,18,2168,12
5940,16,2118687,8214,32,2274,16
4876,6,543086,6950,18,2074,12
4852,6,539941,7020,18,2168,12
213248,2988,4076193822656,630654,5980,417406,2992
22508,220,3030589082290,57800,628,35292,408
4856,6,558405,7024,18,2168,12
4868,6,557024,7036,18,2168,12
308814,2232,3040067152657,467730,4458,158916,2226
4868,6,832900,7036,18,2168,12
33440,322,4650588778589,87280,944,53840,622
4852,6,649935,7020,18,2168,12
4860,6,526202,7028,18,2168,12
4852,6,574504,7020,18,2168,12
4860,6,546965,7028,18,2168,12
36874,354,5160222166522,96732,1046,59858,692
4852,6,556107,7020,18,2168,12
4872,6,536143,7040,18,2168,12
37924,364,5310081310303,99512,1076,61588,712
4868,6,790374,7036,18,2168,12
29672,284,4170113276280,78112,844,48440,560
4868,6,573374,7036,18,2168,12
4860,6,982547,7028,18,2168,12
4872,6,893206,7040,18,2168,12
4868,6,860879,7036,18,2168,12
4868,6,837456,7036,18,2168,12
6164,10,1409456,8468,24,2304,14
5832,14,1410937,8242,32,2410,18
26238,252,3660096131158,68660,742,42422,490
4852,6,567330,7020,18,2168,12
922866,973,3930054885065,5007522,2848,4084656,1875
4860,6,856344,7028,18,2168,12
4872,6,541250,7040,18,2168,12
92,1,32889,184,2,92,1
4876,6,528112,6950,18,2074,12
5932,16,1612585,8342,34,2410,18
4872,6,931322,7040,18,2168,12
4876,6,554057,7044,18,2168,12
4876,6,562729,7044,18,2168,12
4852,6,535791,7020,18,2168,12
37652,360,5310048421036,99240,1072,61588,712
6152,10,1877277,8456,24,2304,14
4876,6,736076,7044,18,2168,12
4852,6,532506,7020,18,2168,12
4868,6,872628,7036,18,2168,12
4852,6,528412,7020,18,2168,12
5924,16,1228143,8198,32,2274,16
4860,6,1191247,7028,18,2168,12
243424,3410,4657754460214,710914,6828,467490,3418
4856,6,579466,7024,18,2168,12
6036,18,1127227,8446,36,2410,18
981095,1033,4185183523970,5325351,3027,4344256,1994
4868,6,835379,7036,18,2168,12
4868,6,541010,7036,18,2168,12
30870,294,4380064003087,81732,882,50862,588
4876,6,529951,7044,18,2168,12
4852,6,535791,7020,18,2168,12
908696,955,3870056207632,4931127,2800,4022431,1845
4868,6,756893,7036,18,2168,12
2312,34,491297101892,4624,68,2312,34
21618,208,3000096246376,56428,610,34810,402
4856,6,806830,7024,18,2168,12
4868,6,1015818,7036,18,2168,12
4868,6,549027,7036,18,2168,12
4868,6,607761,7036,18,2168,12
4856,6,566236,7024,18,2168,12
4876,6,538492,7044,18,2168,12
4856,6,661948,7024,18,2168,12
4852,6,1059528,7020,18,2168,12
2448,36,522335526730,4896,72,2448,36
6060,18,1497049,8470,36,2410,18
5506,8,1076369,7674,20,2168,12
4868,6,845128,7036,18,2168,12
5948,16,1515164,8358,34,2410,18
4872,6,973158,7040,18,2168,12
4876,6,537496,7044,18,2168,12
4860,6,545717,7028,18,2168,12
4876,6,551125,6950,18,2074,12
5928,16,1512747,8202,32,2274,16
5518,8,676917,7798,22,2280,14
4860,6,530975,7028,18,2168,12
6148,10,1518666,8452,24,2304,14
5924,16,1246480,8198,32,2274,16
6056,18,1973464,8466,36,2410,18
4868,6,851521,7036,18,2168,12
5820,14,1392591,8230,32,2410,18
4868,6,814684,7036,18,2168,12
6040,18,1964576,8450,36,2410,18
4876,6,540375,6950,18,2074,12
4876,6,549699,6950,18,2074,12
52246,604,4500063189733,84772,918,32526,314
5928,16,1420392,8338,34,2410,18
4872,6,805988,7040,18,2168,12
4852,6,581081,7020,18,2168,12
4852,6,545314,7020,18,2168,12
5514,8,1176271,7682,20,2168,12
4876,6,527556,6950,18,2074,12
27164500,18202,4310560747818,151307904,35309,124143404,17107
6060,18,1581562,8470,36,2410,18
37294,358,5220096454286,97844,1058,60550,700
3808,56,829470736039,7616,112,3808,56
4868,6,827572,7036,18,2168,12
6060,18,281792432,8470,36,2410,18
4876,6,521750,6950,18,2074,12
4868,6,811390,7036,18,2168,12
4868,6,620201,7036,18,2168,12
4868,6,1124313,7036,18,2168,12
2312,34,491297101892,4624,68,2312,34
5502,8,1066433,7670,20,2168,12
56744,656,4890079827217,92272,1000,35528,344
4876,6,535292,6950,18,2074,12
4868,6,530801,7036,18,2168,12
4852,6,527906,7020,18,2168,12
4868,6,586689,7036,18,2168,12
4856,6,554364,7024,18,2168,12
4868,6,930618,7036,18,2168,12
5924,16,1010198,8198,32,2274,16
6164,10,1139074,8468,24,2304,14
4868,6,540513,7036,18,2168,12
4876,6,550963,6950,18,2074,12
4868,6,830380,7036,18,2168,12
4868,6,1081573,7036,18,2168,12
4876,6,544786,7044,18,2168,12
4860,6,1056340,7028,18,2168,12
4860,6,550837,6934,18,2074,12
4860,6,568097,6934,18,2074,12
4876,6,541686,6950,18,2074,12
4852,6,538416,7020,18,2168,12
4860,6,555322,7028,18,2168,12
4868,6,1375460,7036,18,2168,12
4860,6,526138,6934,18,2074,12
4872,6,848666,7040,18,2168,12
4868,6,560302,7036,18,2168,12
4872,6,850477,7040,18,2168,12
4856,6,832362,7024,18,2168,12
4876,6,553061,6950,18,2074,12
4868,6,817113,7036,18,2168,12
6060,18,1593841,8470,36,2410,18
4868,6,1324116,7036,18,2168,12
4860,6,798516,7028,18,2168,12
4856,6,556329,7024,18,2168,12
4860,6,881745,7028,18,2168,12
4860,6,557721,6934,18,2074,12
4852,6,552549,7020,18,2168,12
33180,316,4710080172427,87848,948,54668,632
4876,6,531215,6950,18,2074,12
4868,6,589769,7036,18,2168,12
5940,16,1365104,8214,32,2274,16
4872,6,547702,7040,18,2168,12
4868,6,511783146,7036,18,2168,12
4868,6,572483,7036,18,2168,12
4860,6,859879,7028,18,2168,12
4868,6,584853,7036,18,2168,12
4868,6,1115874,7036,18,2168,12
5820,14,1350474,8230,32,2410,18
38122,368,5280572099261,99228,1074,61106,706
4860,6,1004162,7028,18,2168,12
4860,6,870210,7028,18,2168,12
4860,6,537398,6934,18,2074,12
5836,14,1369794,8246,32,2410,18
6164,10,1306673,8468,24,2304,14
6148,10,1302229,8452,24,2304,14
4872,6,870715,7040,18,2168,12
279188,3912,5348513633548,822366,7836,543178,3924
4856,6,556904,7024,18,2168,12
25572,252,3390047566326,64472,700,38900,448
4860,6,536984,7028,18,2168,12
4876,6,759708,6950,18,2074,12
6040,18,1705739,8450,36,2410,18
6036,18,1457011,8446,36,2410,18
4852,6,802435,7020,18,2168,12
4868,6,577959,7036,18,2168,12
4872,6,831694,7040,18,2168,12
6168,10,737714,8472,24,2304,14
5506,8,1059326,7674,20,2168,12
5944,16,1464718,8218,32,2274,16
24484,236,3390080191865,63928,692,39444,456
2455018,2582,5240052927042,13340992,7580,10885974,4998
5514,8,509366819,7682,20,2168,12
23727474,145954,5219266761372,38260316,291908,14532842,145954
5940,16,1539837,8214,32,2274,16
4860,6,534813,6934,18,2074,12
4852,6,662888,7020,18,2168,12
5928,16,1472989,8202,32,2274,16
4868,6,789677,7036,18,2168,12
29820,284,4230081261834,78952,852,49132,568
4852,6,649046,7020,18,2168,12
4860,6,972859,7028,18,2168,12
4856,6,1504000,7024,18,2168,12
4868,6,577787,7036,18,2168,12
5820,14,1359833,8230,32,2410,18
4872,6,1194127,7040,18,2168,12
92,1,31305,184,2,92,1
4876,6,539601,6950,18,2074,12
4868,6,547438,7036,18,2168,12
4876,6,605322,7044,18,2168,12
6164,10,1089740,8468,24,2304,14
4868,6,547143,7036,18,2168,12
4872,6,549927,7040,18,2168,12
4852,6,563078,7020,18,2168,12
5924,16,1016839,8198,32,2274,16
5828,14,1366012,8238,32,2410,18
4860,6,543600,6934,18,2074,12
25114,242,3480096752421,65596,710,40482,468
4872,6,857720,7040,18,2168,12
6148,10,1264769,8452,24,2304,14
4868,6,577965,7036,18,2168,12
24499094,150698,5389279463041,39504308,301396,15005214,150698
4868,6,585960,7036,18,2168,12
4868,6,545866,7036,18,2168,12
4872,6,1011500,7040,18,2168,12
4852,6,640884,7020,18,2168,12
4852,6,1545099,7020,18,2168,12
4868,6,547686,7036,18,2168,12
92,1,31117,184,2,92,1
4872,6,558302,7040,18,2168,12
2720,40,583359289192,5440,80,2720,40
4868,6,1189312,7036,18,2168,12
5506,8,658155,7786,22,2280,14
5932,16,1839740,8206,32,2274,16
4876,6,1219252,7044,18,2168,12
4876,6,553271,7044,18,2168,12
4876,6,628498,7044,18,2168,12
4868,6,857505,7036,18,2168,12
30512,292,4290080211377,80336,868,49824,576
6152,10,1132611,8456,24,2304,14
4868,6,664189,7036,18,2168,12
4868,6,560206,7036,18,2168,12
4868,6,593974,7036,18,2168,12
4856,6,816728,7024,18,2168,12
4860,6,554836,6934,18,2074,12
4852,6,3163703,7020,18,2168,12
4852,6,576960,7020,18,2168,12
4852,6,510128329,7020,18,2168,12
4852,6,1173321,7020,18,2168,12
34008,326,4770082472000,89232,964,55224,638
4852,6,954780,7020,18,2168,12
4856,6,534638,7024,18,2168,12
4856,6,822024,7024,18,2168,12
4872,6,546927,7040,18,2168,12
5940,16,1552705,8350,34,2410,18
4860,6,529179,7028,18,2168,12
4860,6,541568,6934,18,2074,12
23582,226,3300096173071,61988,670,38406,444
4868,6,851147,7036,18,2168,12
4876,6,543687,7044,18,2168,12
28980,276,4110081972843,76728,828,47748,552
4872,6,1322560,7040,18,2168,12
5518,8,672708,7798,22,2280,14
5940,16,1771331,8214,32,2274,16
6060,18,1493682,8470,36,2410,18
4876,6,555104,7044,18,2168,12
6036,18,1109223,8446,36,2410,18
6160,10,1229274,8464,24,2304,14
5944,16,1369537,8218,32,2274,16
4860,6,869203,7028,18,2168,12
30932,296,4350079204012,81448,880,50516,584
4876,6,545124,7044,18,2168,12
3400,50,737440581173,6800,100,3400,50
19229319,11381,3070559467122,107576967,23474,88347648,12093
4868,6,544834,7036,18,2168,12
4860,6,536596,6934,18,2074,12
5924,16,1039762,8334,34,2410,18
4876,6,1627289,7044,18,2168,12
4872,6,845733,7040,18,2168,12
6052,18,1498117,8462,36,2410,18
5514,8,743772,7794,22,2280,14
4872,6,833149,7040,18,2168,12
6152,10,1255275,8456,24,2304,14
4876,6,584985,6950,18,2074,12
4856,6,561565,7024,18,2168,12
4872,6,848318,7040,18,2168,12
92,1,33120,184,2,92,1
4868,6,798360,7036,18,2168,12
4876,6,1231139,7044,18,2168,12
5502,8,1259714,7782,22,2280,14
5932,16,1549947,8342,34,2410,18
4876,6,548072,6950,18,2074,12
24632,236,3450047983189,64768,700,40136,464
4868,6,549995,7036,18,2168,12
4868,6,670581,7036,18,2168,12
4876,6,532274,7044,18,2168,12
4856,6,854588,7024,18,2168,12
4872,6,546927,7040,18,2168,12
4868,6,543749,7036,18,2168,12
31204,300,4350080490044,81720,884,50516,584
4860,6,862547,7028,18,2168,12
4876,6,549928,7044,18,2168,12
4860,6,869203,7028,18,2168,12
6300,12,1190053,8604,26,2304,14
4852,6,547078,7020,18,2168,12
4856,6,537708,7024,18,2168,12
5944,16,1505720,8218,32,2274,16
6056,18,1481724,8466,36,2410,18
6036,18,1106773,8446,36,2410,18
4868,6,844721,7036,18,2168,12
4856,6,564121,7024,18,2168,12
4868,6,862949,7036,18,2168,12
4856,6,580541,7024,18,2168,12
4868,6,684458,7036,18,2168,12
4872,6,847527,7040,18,2168,12
4868,6,806022,7036,18,2168,12
4860,6,558434,7028,18,2168,12
5944,16,1620501,8354,34,2410,18
4852,6,1327716,7020,18,2168,12
4860,6,1654781,7028,18,2168,12
6052,18,1624688,8462,36,2410,18
232632,3260,4446720078944,687986,6524,455354,3264
26090,252,3600571283250,67820,734,41730,482
4872,6,983492,7040,18,2168,12
4876,6,649709,7044,18,2168,12
5948,16,2087938,8222,32,2274,16
4876,6,1701350,6950,18,2074,12
4852,6,615606,7020,18,2168,12
4860,6,595583,7028,18,2168,12
4856,6,842118,7024,18,2168,12
5506,8,1055773,7674,20,2168,12
4868,6,545912,7036,18,2168,12
4860,6,552450,6934,18,2074,12
21482,206,3000096281215,56428,610,34946,404
4852,6,563842,7020,18,2168,12
4872,6,990823,7040,18,2168,12
4860,6,537668,7028,18,2168,12
4852,6,554554,7020,18,2168,12
6152,10,1123314,8320,22,2168,12
5828,14,1410975,8238,32,2410,18
4872,6,1009731,7040,18,2168,12
162736,2280,3115162762347,475722,4568,312986,2288
4868,6,857076,7036,18,2168,12
5440,80,1198080250538,10880,160,5440,80
4860,6,840424,7028,18,2168,12
4868,6,1204538,7036,18,2168,12
5820,14,1562532,8230,32,2410,18
4868,6,918468,7036,18,2168,12
4856,6,565537,7024,18,2168,12
4868,6,543626,7036,18,2168,12
4868,6,558733,7036,18,2168,12
4876,6,1080346,6950,18,2074,12
4876,6,543966,7044,18,2168,12
5828,14,511017761,8238,32,2410,18
5440,80,1198463332583,10880,160,5440,80
4860,6,778166,6934,18,2074,12
4852,6,553546,7020,18,2168,12
201096,2818,3856192663338,592902,5648,391806,2830
6160,10,2888128,8464,24,2304,14
5518,8,1217169,7686,20,2168,12
4852,6,528324,7020,18,2168,12
4868,6,585153,7036,18,2168,12
4868,6,573917,7036,18,2168,12
1058077,1113,4515169069880,5745305,3264,4687228,2151
4872,6,902474,7040,18,2168,12
4872,6,840619,7040,18,2168,12
394538,2840,3870051397962,597278,5680,202740,2840
4876,6,889703,6950,18,2074,12
4868,6,568808,7036,18,2168,12
27782,266,3900064973510,73108,790,45326,524
4868,6,654144,7036,18,2168,12
4872,6,1014096,7040,18,2168,12
4868,6,906211,7036,18,2168,12
4868,6,574273,7036,18,2168,12
5820,14,1390162,8230,32,2410,18
4872,6,714399,7040,18,2168,12
4872,6,833774,7040,18,2168,12
4852,6,1145015,7020,18,2168,12
4852,6,530886,7020,18,2168,12
1768,26,368960007824,3536,52,1768,26
5944,16,1509988,8218,32,2274,16
4860,6,537913,6934,18,2074,12
5836,14,1841670,8246,32,2410,18
4872,6,969112,7040,18,2168,12
4868,6,588463,7036,18,2168,12
4852,6,561225,7020,18,2168,12
342564,2466,3360063252420,518614,4932,176050,2466
1701684,1790,3620054578222,9229900,5246,7528216,3456
4876,6,655492,6950,18,2074,12
4876,6,531533,7044,18,2168,12
4876,6,541446,7044,18,2168,12
30328,298,4050556010853,76976,836,46648,538
4868,6,536228,7036,18,2168,12
4876,6,509364055,7044,18,2168,12
4868,6,646304,7036,18,2168,12
1692274,1780,3600060301685,9178752,5216,7486478,3436
5948,16,1410912,8222,32,2274,16
4860,6,968401,7028,18,2168,12
5498,8,1270333,7778,22,2280,14
4860,6,561867,7028,18,2168,12
6148,10,1272708,8452,24,2304,14
5924,16,1224376,8198,32,2274,16
4868,6,550253,7036,18,2168,12
5832,14,1510718,8242,32,2410,18
4868,6,945815,7036,18,2168,12
4856,6,564742,7024,18,2168,12
4868,6,879120,7036,18,2168,12
4868,6,881895,7036,18,2168,12
5514,8,1692040,7794,22,2280,14
4856,6,803300,7024,18,2168,12
4860,6,551753,6934,18,2074,12
4852,6,584572,7020,18,2168,12
5032,74,1105890124461,10064,148,5032,74
4852,6,1069323,7020,18,2168,12
4876,6,557414,6950,18,2074,12
5836,14,1648474,8246,32,2410,18
4868,6,912549,7036,18,2168,12
4872,6,1025892,7040,18,2168,12
4868,6,587691,7036,18,2168,12
4868,6,798893,7036,18,2168,12
4852,6,592247,7020,18,2168,12
269768,3780,5158239737721,797666,7564,527898,3784
4856,6,816377,7024,18,2168,12
4860,6,562728,6934,18,2074,12
5836,14,1535664,8246,32,2410,18
251954,3530,4827744205231,742252,7072,490298,3542
6152,10,1862539,8456,24,2304,14
22532,216,3150045367026,59208,640,36676,424
5828,14,1347994,8238,32,2410,18
5522,8,595642,7690,20,2168,12
92,1,30730,184,2,92,1
4872,6,867331,7040,18,2168,12
6152,10,1389722,8456,24,2304,14
776356,819,3300057556839,4208241,2396,3431885,1577
6160,10,1234559,8464,24,2304,14
1904,28,399551244553,3808,56,1904,28
4860,6,1012679,7028,18,2168,12
30574,294,4260066229799,80052,866,49478,572
4868,6,838774,7036,18,2168,12
4868,6,921093,7036,18,2168,12
27314,270,3600066803079,68636,746,41322,476
5948,16,1818525,8358,34,2410,18
4868,6,843033,7036,18,2168,12
6148,10,1360943,8452,24,2304,14
4868,6,544858,7036,18,2168,12
4868,6,821393,7036,18,2168,12
4852,6,542135,7020,18,2168,12
5948,16,1423099,8222,32,2274,16
1768,26,368448668263,3536,52,1768,26
4852,6,810773,7020,18,2168,12
4876,6,571349,7044,18,2168,12
4876,6,1511739,7044,18,2168,12
5924,16,1091757,8334,34,2410,18
4868,6,763448,7036,18,2168,12
4872,6,696042,7040,18,2168,12
4868,6,862949,7036,18,2168,12
5506,8,1128034,7786,22,2280,14
5928,16,1491492,8202,32,2274,16
4868,6,1021824,7036,18,2168,12
4856,6,544251,7024,18,2168,12
4856,6,591651,7024,18,2168,12
4868,6,570725,7036,18,2168,12
4852,6,1422654,7020,18,2168,12
92,1,33975,184,2,92,1
6160,10,776493,8464,24,2304,14
5502,8,1054322,7670,20,2168,12
5948,16,1562444,8358,34,2410,18
4872,6,794801,7040,18,2168,12
4852,6,545956,7020,18,2168,12
37170,354,5280065120395,98412,1062,61242,708
92,1,31984,184,2,92,1
5940,16,1400667,8214,32,2274,16
4856,6,544868,7024,18,2168,12
30760,300,4170620716500,79200,860,48440,560
4868,6,531432,7036,18,2168,12
4876,6,554355,7044,18,2168,12
4868,6,535886,7036,18,2168,12
6040,18,2006463,8450,36,2410,18
42212,488,3630081908365,68648,744,26436,256
4852,6,545662,7020,18,2168,12
5816,14,1504041,8226,32,2410,18
4860,6,853975,7028,18,2168,12
4868,6,542106,7036,18,2168,12
4860,6,900521,7028,18,2168,12
3128,46,675520496230,6256,92,3128,46
31624,304,4410048588390,82832,896,51208,592
5948,16,990949,8116,32,2168,16
22742,218,3180097003440,59764,646,37022,428
4876,6,540019,7044,18,2168,12
5518,8,1206816,7798,22,2280,14
4856,6,1416772,7024,18,2168,12
4868,6,557716,7036,18,2168,12
4868,6,834989,7036,18,2168,12
4852,6,533207,7020,18,2168,12
4868,6,861853,7036,18,2168,12
4872,6,843702,7040,18,2168,12
4868,6,537188,7036,18,2168,12
4868,6,535516,7036,18,2168,12
4868,6,831177,7036,18,2168,12
4868,6,689651,7036,18,2168,12
5518,8,1266447,7798,22,2280,14
816,12,153791210366,1632,24,816,12
4876,6,509975045,6950,18,2074,12
4868,6,875203,7036,18,2168,12
21902,210,3060097110520,57540,622,35638,412
4860,6,531993,6934,18,2074,12
6152,10,1174083,8456,24,2304,14
4868,6,572449,7036,18,2168,12
5518,8,1235543,7686,20,2168,12
26942,258,3780063296589,70884,766,43942,508
4868,6,873206,7036,18,2168,12
4868,6,577269,7036,18,2168,12
4876,6,546170,7044,18,2168,12
4868,6,566313,7036,18,2168,12
4852,6,659921,7020,18,2168,12
4872,6,571024,7040,18,2168,12
4868,6,583505,7036,18,2168,12
6152,10,1384494,8456,24,2304,14
6168,20,1666840,8714,40,2546,20
4860,6,545581,6934,18,2074,12
4860,6,535572,6934,18,2074,12
4868,6,866507,7036,18,2168,12
4868,6,595286,7036,18,2168,12
4852,6,604120,7020,18,2168,12
4860,6,558262,7028,18,2168,12
4876,6,559822,7044,18,2168,12
4860,6,538299,6934,18,2074,12
4852,6,574200,7020,18,2168,12
4872,6,805397,7040,18,2168,12
1632,24,337854793140,3264,48,1632,24
4872,6,802649,7040,18,2168,12
4860,6,559804,6934,18,2074,12
25522,248,3480571377658,65732,712,40210,464
4856,6,1005062,7024,18,2168,12
4868,6,538188,7036,18,2168,12
4852,6,562361,7020,18,2168,12
4852,6,532294,7020,18,2168,12
4856,6,719675,7024,18,2168,12
4852,6,548463,7020,18,2168,12
4876,6,540280,7044,18,2168,12
6148,10,1299740,8452,24,2304,14
6040,18,1603876,8450,36,2410,18
5502,8,1282353,7782,22,2280,14
4876,6,1043326,7044,18,2168,12
4852,6,541239,7020,18,2168,12
4872,6,895113,7040,18,2168,12
6164,10,1280868,8468,24,2304,14
5932,16,1353305,8206,32,2274,16
4876,6,1627289,7044,18,2168,12
4876,6,538926,7044,18,2168,12
5940,16,1567904,8214,32,2274,16
4868,6,791994,7036,18,2168,12
5832,14,1803049,8242,32,2410,18
4872,6,816299,7040,18,2168,12
4868,6,552885,7036,18,2168,12
92,1,32490,184,2,92,1
36220,352,4950588764721,93656,1016,57436,664
30870,294,4380096611802,81732,882,50862,588
4856,6,788477,7024,18,2168,12
5828,14,1449430,8238,32,2410,18
4860,6,553354,7028,18,2168,12
4868,6,1101504,7036,18,2168,12
6160,10,1253233,8464,24,2304,14
4868,6,800723,7036,18,2168,12
4856,6,542458,7024,18,2168,12
5506,8,981689,7786,22,2280,14
24212,232,3390047662866,63656,688,39444,456
6160,10,1314339,8464,24,2304,14
4868,6,833623,7036,18,2168,12
4872,6,1569656,7040,18,2168,12
4876,6,539769,7044,18,2168,12
5522,8,656013,7708,22,2186,14
4856,6,551508,7024,18,2168,12
4856,6,827681,7024,18,2168,12
39184,376,5490555795402,102848,1112,63664,736
514840,3750,5112095457870,782086,7494,267246,3744
136,2,158771,272,4,136,2
4860,6,576756,6934,18,2074,12
4856,6,546261,7024,18,2168,12
4868,6,1591892,7036,18,2168,12
2571180,2702,5490057622485,13975372,7936,11404192,5234
4868,6,817274,7036,18,2168,12
22260,212,3150080153851,58936,636,36676,424
4856,6,832173,7024,18,2168,12
5816,14,511832016,8226,32,2410,18
4852,6,550528,7020,18,2168,12
40544,396,5490558084427,103664,1124,63120,728
4852,6,533059,7020,18,2168,12
4868,6,784492,7036,18,2168,12
5518,8,1033648,7686,20,2168,12
4856,6,539929,7024,18,2168,12
5940,16,1492564,8214,32,2274,16
4876,6,558644,7044,18,2168,12
4896,72,1074882333400,9792,144,4896,72
5502,8,1216747,7670,20,2168,12
4852,6,568944,7020,18,2168,12
4872,6,1127444,7040,18,2168,12
6160,10,1326601,8464,24,2304,14
5506,8,1014588,7786,22,2280,14
4868,6,573753,7036,18,2168,12
4872,6,781820,7040,18,2168,12
6044,18,1558788,8454,36,2410,18
431226,3104,4230557035297,652398,6202,221172,3098
4860,6,537236,6934,18,2074,12
5928,16,1365946,8202,32,2274,16
4868,6,569622,7036,18,2168,12
4852,6,550675,7020,18,2168,12
161982,2270,3094657784985,479218,4544,317236,2274
4876,6,688259,7044,18,2168,12
288,4,220167,1610,8,1322,4
4852,6,544303,7020,18,2168,12
4860,6,1698801,7028,18,2168,12
4860,6,983843,7028,18,2168,12
6152,10,1402711,8456,24,2304,14
4872,6,542432,7040,18,2168,12
6160,10,1256800,8464,24,2304,14
5576,82,1228962509076,11152,164,5576,82
4876,6,539813,6950,18,2074,12
4876,6,558806,7044,18,2168,12
4868,6,565851,7036,18,2168,12
32550,310,4620096399998,86180,930,53630,620
4860,6,867518,7028,18,2168,12
4856,6,548134,7024,18,2168,12
4872,6,1133884,7040,18,2168,12
4876,6,525885,6950,18,2074,12
4852,6,554076,7020,18,2168,12
4872,6,2437454,7040,18,2168,12
4876,6,526880,6950,18,2074,12
6148,10,1288816,8452,24,2304,14
4868,6,631161,7036,18,2168,12
5928,16,1369806,8202,32,2274,16
4868,6,547834,7036,18,2168,12
4868,6,1079341,7036,18,2168,12
4872,6,1013097,7040,18,2168,12
4868,6,538189,7036,18,2168,12
6152,20,1713339,8698,40,2546,20
4872,6,1128837,7040,18,2168,12
4868,6,562094,7036,18,2168,12
4860,6,559661,7028,18,2168,12
6060,18,509851117,8470,36,2410,18
4860,6,862547,7028,18,2168,12
5928,16,1506005,8202,32,2274,16
4856,6,870318,7024,18,2168,12
4860,6,1146194,6934,18,2074,12
4860,6,568816,6934,18,2074,12
92,1,30622,184,2,92,1
4860,6,837119,7028,18,2168,12
35070,334,4980096218525,92852,1002,57782,668
4856,6,808382,7024,18,2168,12
4852,6,526610,7020,18,2168,12
4856,6,561021,7024,18,2168,12
5948,16,1345570,8222,32,2274,16
4872,6,2622531,7040,18,2168,12
31772,304,4470048857211,83672,904,51900,600
4860,6,552412,7028,18,2168,12
4860,6,573862,7028,18,2168,12
1496,22,306917068658,2992,44,1496,22
4856,6,1091757,7024,18,2168,12
4856,6,554956,7024,18,2168,12
4856,6,536198,7024,18,2168,12
4876,6,853438,7044,18,2168,12
4876,6,557937,6950,18,2074,12
24842,238,3480063636354,65324,706,40482,468
4760,70,1044352707189,9520,140,4760,70
4860,6,534712,7028,18,2168,12
4856,6,560299,7024,18,2168,12
4872,6,528799,7040,18,2168,12
4860,6,528681,6934,18,2074,12
5924,16,1030016,8334,34,2410,18
6152,10,1510149,8456,24,2304,14
31352,300,4410047306243,82560,892,51208,592
4868,6,557340,7036,18,2168,12
4868,6,539341,7036,18,2168,12
4852,6,544395,7020,18,2168,12
4868,6,792881,7036,18,2168,12
4856,6,532643,7024,18,2168,12
4868,6,886557,7036,18,2168,12
5928,16,1363139,8202,32,2274,16
5506,8,1233567,7674,20,2168,12
4860,6,544248,7028,18,2168,12
4868,6,909096,7036,18,2168,12
21840,208,3090080842489,57824,624,35984,416
4868,6,878298,7036,18,2168,12
4876,6,1511739,7044,18,2168,12
4868,6,541816,7036,18,2168,12
5522,8,813832,7708,22,2186,14
4868,6,996677,7036,18,2168,12
4872,6,575000,7040,18,2168,12
6164,10,1349502,8468,24,2304,14
27104,268,3570081856760,68080,740,40976,472
4856,6,548838,7024,18,2168,12
4868,6,529171,7036,18,2168,12
4868,6,570517,7036,18,2168,12
5928,16,1369806,8202,32,2274,16
36120,344,5130587539256,95632,1032,59512,688
4856,6,995099,7024,18,2168,12
4852,6,553605,7020,18,2168,12
6152,20,2226252,8698,40,2546,20
4856,6,829498,7024,18,2168,12
983224,1035,4190067618833,5337267,3033,4354043,1998
4876,6,1226669,7044,18,2168,12
4868,6,575047,7036,18,2168,12
5928,16,1333283,8202,32,2274,16
4852,6,1062261,7020,18,2168,12
31624,304,4410080164667,82832,896,51208,592
4876,6,556283,6950,18,2074,12
6164,10,1365651,8468,24,2304,14
4852,6,832003,7020,18,2168,12
5928,16,1506005,8202,32,2274,16
952,14,183840871066,1904,28,952,14
92,1,29652,184,2,92,1
4860,6,547156,7028,18,2168,12
6148,10,1153902,8452,24,2304,14
4868,6,781728,7036,18,2168,12
401764,2892,3940064982556,608188,5784,206424,2892
5948,16,1645884,8222,32,2274,16
39408,388,5250587745422,99760,1084,60352,696
4868,6,868555,7036,18,2168,12
5948,16,1590164,8358,34,2410,18
4852,6,563083,7020,18,2168,12
4868,6,1591892,7036,18,2168,12
314906,2276,3100035238495,476962,4546,162056,2270
4868,6,542580,7036,18,2168,12
5932,16,1424032,8206,32,2274,16
2082610,2190,4440056572764,11309050,6422,9226440,4232
4868,6,600393,7036,18,2168,12
6172,20,1747417,8718,40,2546,20
4860,6,540602,6934,18,2074,12
5832,14,3669104,8242,32,2410,18
5820,14,1480964,8230,32,2410,18
4872,6,1043199,7040,18,2168,12
4856,6,876929,7024,18,2168,12
4856,6,878992,7024,18,2168,12
5944,16,1523743,8218,32,2274,16
4352,64,952319476464,8704,128,4352,64
4868,6,836269,7036,18,2168,12
4852,6,602963,7020,18,2168,12
4856,6,1001033,7024,18,2168,12
22508,220,3030589082290,57800,628,35292,408
136,2,169789,272,4,136,2
4860,6,526042,7028,18,2168,12
544,8,91840295420,1088,16,544,8
4856,6,543095,7024,18,2168,12
4856,6,878629,7024,18,2168,12
4868,6,569311,7036,18,2168,12
4856,6,543654,7024,18,2168,12
6040,18,1460209,8450,36,2410,18
4868,6,529863,7036,18,2168,12
22322,214,3120125486794,58652,634,36330,420
4868,6,546820,7036,18,2168,12
4860,6,833377,7028,18,2168,12
38234,374,5160222193714,97548,1058,59314,684
4868,6,543763,7036,18,2168,12
4860,6,583226,7028,18,2168,12
4852,6,587023,7020,18,2168,12
4852,6,552720,7020,18,2168,12
4868,6,507321512,7036,18,2168,12
4856,6,885818,7024,18,2168,12
4868,6,868046,7036,18,2168,12
4872,6,804772,7040,18,2168,12
4872,6,541683,7040,18,2168,12
4860,6,545869,7028,18,2168,12
33872,324,4770048171648,89232,964,55360,640
4860,6,547657,7028,18,2168,12
5828,14,3683697,8238,32,2410,18
56,1,40742,112,2,56,1
4876,6,981816,6950,18,2074,12
4868,6,827106,7036,18,2168,12
56,1,34495,116,2,60,1
4876,6,544523,7044,18,2168,12
4868,6,807972,7036,18,2168,12
4876,6,543108,6950,18,2074,12
5940,16,1341723,8214,32,2274,16
4868,6,872628,7036,18,2168,12
4860,6,535058,7028,18,2168,12
5932,16,1383715,8206,32,2274,16
4872,6,935250,7040,18,2168,12
4872,6,583222,7040,18,2168,12
4868,6,556739,7036,18,2168,12
4868,6,846657,7036,18,2168,12
4856,6,978004,7024,18,2168,12
4860,6,557720,6934,18,2074,12
4860,6,888569,6934,18,2074,12
4860,6,546945,7028,18,2168,12
5928,16,1524302,8202,32,2274,16
4852,6,538426,7020,18,2168,12
6160,10,1234155,8464,24,2304,14
4856,6,570433,7024,18,2168,12
5928,16,1441249,8202,32,2274,16
4860,6,532974,6934,18,2074,12
6060,18,1556014,8470,36,2410,18
23434,226,3240096157835,61148,662,37714,436
4876,6,540913,6950,18,2074,12
23940,228,3390049186253,63384,684,39444,456
4876,6,544031,6950,18,2074,12
4860,6,552064,6934,18,2074,12
5940,16,1514855,8214,32,2274,16
4856,6,577895,7024,18,2168,12
4868,6,560053,7036,18,2168,12
27634,266,3840097047734,72268,782,44634,516
6156,20,1620879,8702,40,2546,20
53976,624,4650080581814,87552,948,33576,324
6036,18,1188730,8446,36,2410,18
5940,16,1396140,8214,32,2274,16
6148,10,1385570,8452,24,2304,14
6168,10,744109,8354,24,2186,14
5928,16,1391677,8202,32,2274,16
4760,70,1044894839441,9520,140,4760,70
4868,6,583506,7036,18,2168,12
4872,6,857325,7040,18,2168,12
5506,8,1113662,7674,20,2168,12
5514,8,605324,7682,20,2168,12
4860,6,1415791,7028,18,2168,12
4868,6,566013,7036,18,2168,12
4860,6,602246,6934,18,2074,12
4856,6,536663,7024,18,2168,12
4872,6,855967,7040,18,2168,12
92,1,33117,184,2,92,1
39074,382,5280573642013,99772,1082,60698,700
4876,6,1162784,6950,18,2074,12
6060,18,1620539,8470,36,2410,18
5832,14,1441635,8242,32,2410,18
4868,6,507916256,7036,18,2168,12
4868,6,532461,7036,18,2168,12
5832,14,1441635,8242,32,2410,18
6164,10,1262443,8468,24,2304,14
1360,20,276291400481,2720,40,1360,20
5944,16,1480556,8218,32,2274,16
5940,16,11088908,8214,32,2274,16
6160,10,1396676,8464,24,2304,14
1632,24,337951915617,3264,48,1632,24
4860,6,574314,7028,18,2168,12
4876,6,574476,7044,18,2168,12
6164,20,1651778,8710,40,2546,20
4868,6,869595,7036,18,2168,12
26312,252,3690081278880,69216,748,42904,496
4856,6,867075,7024,18,2168,12
4872,6,751233,7040,18,2168,12
816,12,153343467310,1632,24,816,12
4868,6,594885,7036,18,2168,12
4868,6,1071750,7036,18,2168,12
4860,6,1006337,7028,18,2168,12
29820,284,4230048643316,78952,852,49132,568
178708,2504,3415168275524,528586,5012,349878,2508
4868,6,555334,7036,18,2168,12
4876,6,549356,6950,18,2074,12
5940,16,1365104,8214,32,2274,16
6156,20,1717185,8702,40,2546,20
19635226,120782,4319265880881,31661656,241564,12026430,120782
445848,3222,4392130376815,675414,6438,229566,3216
4868,6,966872,7036,18,2168,12
36516,352,5070080479164,95336,1032,58820,680
4868,6,809949,7036,18,2168,12
4856,6,796800,7024,18,2168,12
5928,16,1956543,8338,34,2410,18
4868,6,817160,7036,18,2168,12
4872,6,811310,7040,18,2168,12
4852,6,558026,7020,18,2168,12
4868,6,2142900,7036,18,2168,12
4868,6,863942,7036,18,2168,12
5940,16,1762447,8214,32,2274,16
4868,6,827106,7036,18,2168,12
4852,6,559771,7020,18,2168,12
4860,6,534167,6934,18,2074,12
4860,6,1027750,7028,18,2168,12
4876,6,554837,7044,18,2168,12
4868,6,547518,7036,18,2168,12
4852,6,561830,7020,18,2168,12
4852,6,533594,7020,18,2168,12
4872,6,549697,7040,18,2168,12
4860,6,511214144,7028,18,2168,12
4860,6,527956,7028,18,2168,12
4868,6,766711,7036,18,2168,12
5940,16,1385886,8214,32,2274,16
32550,310,4620096485938,86180,930,53630,620
4860,6,528986,7028,18,2168,12
4868,6,557547,7036,18,2168,12
4860,6,543578,7028,18,2168,12
32612,312,4590080495113,85896,928,53284,616
6060,18,1625441,8470,36,2410,18
4872,6,870111,7040,18,2168,12
25744,248,3570080130209,67264,728,41520,480
4868,6,843133,7036,18,2168,12
5924,16,1058075,8198,32,2274,16
4852,6,564969,7020,18,2168,12
4868,6,559631,7036,18,2168,12
4868,6,780740,7036,18,2168,12
6164,20,1584878,8710,40,2546,20
4856,6,550782,7024,18,2168,12
4868,6,548319,7036,18,2168,12
29104,280,4050048998814,76160,824,47056,544
4868,6,528380,7036,18,2168,12
4868,6,999166,7036,18,2168,12
4868,6,546541,7036,18,2168,12
5924,16,994631,8198,32,2274,16
4852,6,539708,7020,18,2168,12
4868,6,569517,7036,18,2168,12
5940,16,2074251,8214,32,2274,16
33588,322,4710080245595,88120,952,54532,630
37368,358,5250080620466,98128,1060,60760,702
386886,2796,3811108148328,586078,5586,199192,2790
4860,6,684014,6934,18,2074,12
6296,12,1649999,8600,26,2304,14
5498,8,674127,7778,22,2280,14
5506,8,977978,7786,22,2280,14
4872,6,858662,7040,18,2168,12
27720,264,3930555763659,73392,792,45672,528
4868,6,509057218,7036,18,2168,12
4868,6,571298,7036,18,2168,12
174950,2452,3345184320016,517644,4908,342694,2456
29030,280,4020571444811,75604,818,46574,538
4852,6,557504,7020,18,2168,12
4860,6,560208,6934,18,2074,12
24363454,149866,5359263888289,39285820,299732,14922366,149866
4852,6,677885,7020,18,2168,12
4868,6,503953967,7036,18,2168,12
38222,376,5100572878195,96844,1052,58622,676
4868,6,557050,7036,18,2168,12
4868,6,549735,7036,18,2168,12
4868,6,566037,7036,18,2168,12
4860,6,548868,7028,18,2168,12
4868,6,808934,7036,18,2168,12
4868,6,883135,7036,18,2168,12
5816,14,1381302,8226,32,2410,18
4868,6,589063,7036,18,2168,12
4852,6,531073,7020,18,2168,12
27992,268,3930049120241,73664,796,45672,528
4852,6,540962,7020,18,2168,12
4852,6,1235946,7020,18,2168,12
4860,6,549544,6934,18,2074,12
4856,6,811746,7024,18,2168,12
5816,14,1504041,8226,32,2410,18
4852,6,547991,7020,18,2168,12
4872,6,533314,7040,18,2168,12
6036,18,1127122,8446,36,2410,18
4868,6,1009188,7036,18,2168,12
26040,248,3690555525213,68944,744,42904,496
5506,8,1033761,7674,20,2168,12
4856,6,994958,7024,18,2168,12
6160,10,1229274,8464,24,2304,14
5518,8,1137388,7686,20,2168,12
6044,18,2077076,8454,36,2410,18
4852,6,549842,7020,18,2168,12
4876,6,543453,7044,18,2168,12
4868,6,785825,7036,18,2168,12
92,1,31692,184,2,92,1
4872,6,764238,7040,18,2168,12
5948,16,1729499,8358,34,2410,18
4876,6,550993,7044,18,2168,12
5924,16,991306,8198,32,2274,16
4856,6,1192119,7024,18,2168,12
4856,6,559822,7024,18,2168,12
4860,6,547156,7028,18,2168,12
4860,6,545795,6934,18,2074,12
5940,16,1642859,8214,32,2274,16
4852,6,551066,7020,18,2168,12
4860,6,539670,7028,18,2168,12
4856,6,570700,7024,18,2168,12
4860,6,595866,7028,18,2168,12
4876,6,533764,7044,18,2168,12
6056,18,1591782,8466,36,2410,18
5940,16,1548551,8214,32,2274,16
4868,6,804982,7036,18,2168,12
4852,6,559359,7020,18,2168,12
19180026,117982,4219264515378,30927656,235964,11747630,117982
4872,6,540685,7040,18,2168,12
4876,6,527308,7044,18,2168,12
4856,6,581452,7024,18,2168,12
4852,6,530886,7020,18,2168,12
6044,18,1722532,8454,36,2410,18
4852,6,721934,7020,18,2168,12
426224,3068,4180062710836,644800,6130,218576,3062
4852,6,545972,7020,18,2168,12
6044,18,1551814,8454,36,2410,18
4868,6,591802,7036,18,2168,12
5304,78,1167424835171,10608,156,5304,78
6060,18,1568590,8470,36,2410,18
4860,6,886334,7028,18,2168,12
4876,6,535776,7044,18,2168,12
31562,302,4440062990521,83116,898,51554,596
5836,14,2161379,8246,32,2410,18
5816,14,1406393,8226,32,2410,18
4868,6,716650,7036,18,2168,12
4868,6,530422,7036,18,2168,12
4860,6,550646,6934,18,2074,12
4876,6,538028,6950,18,2074,12
4860,6,845940,7028,18,2168,12
4876,6,528112,6950,18,2074,12
5498,8,1066773,7666,20,2168,12
5514,8,678051,7794,22,2280,14
5514,8,1250266,7682,20,2168,12
4868,6,843415,7036,18,2168,12
172156,2412,3295705553332,503200,4832,331044,2420
5948,16,1515164,8358,34,2410,18
56,1,3059180,168,3,112,2
6172,20,1797517,8718,40,2546,20
4876,6,565958,6950,18,2074,12
2992,44,644864873520,5984,88,2992,44
5928,16,1390365,8202,32,2274,16
2720,40,583839738310,5440,80,2720,40
4876,6,572303,7044,18,2168,12
5932,16,1375229,8206,32,2274,16
6148,10,1401837,8452,24,2304,14
4856,6,545597,7024,18,2168,12
22952,220,3209983995143,60320,652,37368,432
4872,6,884100,7040,18,2168,12
5514,8,905818,7682,20,2168,12
6164,10,1723604,8468,24,2304,14
4876,6,553375,6950,18,2074,12
4868,6,565940,7036,18,2168,12
5944,16,1394985,8218,32,2274,16
4876,6,1099775,7044,18,2168,12
16271298,100090,3579295752449,26237396,200180,9966098,100090
4852,6,557693,7020,18,2168,12
5514,8,666117,7794,22,2280,14
5940,16,1488506,8214,32,2274,16
4852,6,545894,7020,18,2168,12
5948,16,1339848,8222,32,2274,16
4852,6,542951,7020,18,2168,12
4852,6,609928,7020,18,2168,12
4860,6,548501,6934,18,2074,12
4868,6,538316,7036,18,2168,12
5820,14,1370503,8230,32,2410,18
4852,6,578446,7020,18,2168,12
136,2,156095,272,4,136,2
4852,6,547333,7020,18,2168,12
92,1,32635,184,2,92,1
4868,6,536022,7036,18,2168,12
4872,6,562403,7040,18,2168,12
4868,6,836269,7036,18,2168,12
427576,3090,4212097177290,647722,6174,220146,3084
4852,6,604120,7020,18,2168,12
4872,6,866490,7040,18,2168,12
4856,6,853180,7024,18,2168,12
4868,6,554715,7036,18,2168,12
4852,6,874293,7020,18,2168,12
4868,6,864001,7036,18,2168,12
5518,8,1064140,7686,20,2168,12
5924,16,982367,8198,32,2274,16
5944,16,1489039,8218,32,2274,16
5836,14,1535664,8246,32,2410,18
4868,6,547283,7036,18,2168,12
4856,6,557531,7024,18,2168,12
6160,10,512126117,8464,24,2304,14
33180,316,4710080210821,87848,948,54668,632
56,1,510579976,168,3,112,2
4868,6,846267,7036,18,2168,12
4852,6,568146,7020,18,2168,12
4856,6,561540,7024,18,2168,12
4852,6,555970,7020,18,2168,12
4856,6,830479,7024,18,2168,12
6052,18,1530079,8462,36,2410,18
6052,18,1987562,8462,36,2410,18
4868,6,984901,7036,18,2168,12
6148,10,1306192,8452,24,2304,14
4868,6,936710,7036,18,2168,12
4876,6,538379,7044,18,2168,12
4872,6,1197114,7040,18,2168,12
4868,6,622530,7036,18,2168,12
4860,6,968401,7028,18,2168,12
4856,6,565537,7024,18,2168,12
4852,6,548028,7020,18,2168,12
5440,80,1197920128114,10880,160,5440,80
5506,8,1112366,7786,22,2280,14
4872,6,1176161,7040,18,2168,12
2417678,2542,5160077800455,13137528,7462,10719850,4920
4868,6,590054,7036,18,2168,12
4876,6,509592336,6950,18,2074,12
4872,6,544116,7040,18,2168,12
6040,18,1458678,8450,36,2410,18
5832,14,1944347,8242,32,2410,18
4872,6,1325342,7040,18,2168,12
4856,6,856470,7024,18,2168,12
4876,6,543655,6950,18,2074,12
4872,6,864898,7040,18,2168,12
4860,6,649292,7028,18,2168,12
24360,232,3450047948876,64496,696,40136,464
34534500,24897,5460432196102,191831834,46871,157297334,21974
4856,6,996382,7024,18,2168,12
4868,6,554218,7036,18,2168,12
5940,16,2000386,8214,32,2274,16
4852,6,893240,7020,18,2168,12
4868,6,789677,7036,18,2168,12
4856,6,560855,7024,18,2168,12
4860,6,524653,6934,18,2074,12
6152,10,1469887,8456,24,2304,14
1496,22,306946416608,2992,44,1496,22
22890,218,3240063649702,60604,654,37714,436
6052,18,1650673,8462,36,2410,18
472152,3412,4652641072407,715304,6818,243152,3406
6056,18,1592258,8466,36,2410,18
4852,6,532670,7020,18,2168,12
5506,8,1448419,7674,20,2168,12
22804,220,3150080378256,59480,644,36676,424
4868,6,510347454,7036,18,2168,12
4852,6,560242,7020,18,2168,12
5820,14,1370503,8230,32,2410,18
4868,6,1185235,7036,18,2168,12
4868,6,565663,7036,18,2168,12
56,1,43381,116,2,60,1
1496,22,306943228303,2992,44,1496,22
4852,6,550101,7020,18,2168,12
4868,6,536909,7036,18,2168,12
4852,6,564737,7020,18,2168,12
5518,8,1040546,7686,20,2168,12
22044074,135598,4849249195691,35545756,271196,13501682,135598
4868,6,1072157,7036,18,2168,12
5948,16,1507166,8222,32,2274,16
4876,6,537699,6950,18,2074,12
6160,10,1234559,8464,24,2304,14
5836,14,1451954,8246,32,2410,18
4868,6,801441,7036,18,2168,12
1432296,1514,3045183731220,7758104,4424,6325808,2910
4860,6,671218,6934,18,2074,12
4876,6,777966,7044,18,2168,12
4872,6,879763,7040,18,2168,12
4868,6,558356,7036,18,2168,12
4868,6,540225,7036,18,2168,12
4868,6,813289,7036,18,2168,12
4860,6,1005538,7028,18,2168,12
4856,6,591100,7024,18,2168,12
5928,16,1436693,8338,34,2410,18
4868,6,889251,7036,18,2168,12
4872,6,883735,7040,18,2168,12
4860,6,543981,7028,18,2168,12
6148,10,1450582,8452,24,2304,14
5836,14,1400663,8246,32,2410,18
4872,6,1089019,7040,18,2168,12
6164,20,1756358,8710,40,2546,20
5928,16,1704121,8202,32,2274,16
4860,6,549856,6934,18,2074,12
4852,6,779783,7020,18,2168,12
172774,2420,3305689532424,504842,4848,332068,2428
4860,6,539891,7028,18,2168,12
4860,6,1143345,7028,18,2168,12
5940,16,1517139,8214,32,2274,16
35910,342,5100571476080,95076,1026,59166,684
4868,6,688136,7036,18,2168,12
4868,6,859968,7036,18,2168,12
389868,2840,3870050907884,592608,5680,202740,2840
5832,14,1345064,8242,32,2410,18
4856,6,545295,7024,18,2168,12
5940,16,1499545,8350,34,2410,18
5836,14,1548731,8246,32,2410,18
4860,6,981067,7028,18,2168,12
6152,10,1301866,8456,24,2304,14
4868,6,884505,7036,18,2168,12
4868,6,903956,7036,18,2168,12
5820,14,1363407,8230,32,2410,18
4856,6,560666,7024,18,2168,12
4868,6,964202,7036,18,2168,12
498482,3588,4891612666854,754194,7170,255712,3582
4868,6,818188,7036,18,2168,12
5948,16,1351658,8222,32,2274,16
5820,14,1373367,8230,32,2410,18
5928,16,1436320,8338,34,2410,18
33242,318,4680063300834,87564,946,54322,628
4876,6,1391761,7044,18,2168,12
56,1,39391,112,2,56,1
1645502,1732,3500051816932,8923680,5074,7278178,3342
6152,10,976778,8456,24,2304,14
4868,6,558356,7036,18,2168,12
4856,6,556766,7024,18,2168,12
6060,18,1607648,8470,36,2410,18
4876,6,556710,7044,18,2168,12
4860,6,546721,7028,18,2168,12
4872,6,535958,7040,18,2168,12
4868,6,570451,7036,18,2168,12
4868,6,788864,7036,18,2168,12
6160,10,1229274,8464,24,2304,14
92,1,32932,184,2,92,1
6296,12,1392459,8600,26,2304,14
4856,6,781370,7024,18,2168,12
22322,214,3120097086737,58652,634,36330,420
5932,16,1385250,8206,32,2274,16
5940,16,1406624,8214,32,2274,16
4876,6,563680,6950,18,2074,12
4876,6,565215,7044,18,2168,12
5924,16,990270,8198,32,2274,16
6164,20,1756358,8710,40,2546,20
31920,304,4530556943447,84512,912,52592,608
1060274,1116,4520053524096,5757353,3272,4697079,2156
4852,6,563769,7020,18,2168,12
4852,6,818806,7020,18,2168,12
24904,240,3450049205322,65040,704,40136,464
4852,6,526058,7020,18,2168,12
4868,6,550123,7036,18,2168,12
4856,6,545597,7024,18,2168,12
24212,232,3390080201694,63656,688,39444,456
4868,6,542371,7036,18,2168,12
5932,16,1637419,8206,32,2274,16
4868,6,542482,7036,18,2168,12
4872,6,666344,7040,18,2168,12
4868,6,856253,7036,18,2168,12
4860,6,548868,7028,18,2168,12
4868,6,778859,7036,18,2168,12
23644,228,3269984647778,61704,668,38060,440
4852,6,562148,7020,18,2168,12
4852,6,574871,7020,18,2168,12
4868,6,1004601,7036,18,2168,12
4876,6,540913,6950,18,2074,12
4852,6,568088,7020,18,2168,12
4876,6,525897,7044,18,2168,12
14272084,87792,3139263984409,23013648,175584,8741564,87792
6040,18,1656004,8450,36,2410,18
5832,14,3669104,8242,32,2410,18
4860,6,532986,6934,18,2074,12
4852,6,507666820,7020,18,2168,12
4868,6,1025346,7036,18,2168,12
261510,3664,5002112305686,773156,7332,511646,3668
4856,6,1058193,7024,18,2168,12
4860,6,543710,6934,18,2074,12
5518,8,1037115,7686,20,2168,12
4856,6,593600,7024,18,2168,12
4872,6,546626,7040,18,2168,12
4856,6,852188,7024,18,2168,12
4872,6,1366035,7040,18,2168,12
4876,6,554634,6950,18,2074,12
4876,6,552279,7044,18,2168,12
4868,6,573753,7036,18,2168,12
4872,6,778314,7040,18,2168,12
314006,2260,3078506262111,475308,4520,161302,2260
38010,362,5400191768211,100636,1086,62626,724
22298,218,3000604847804,57244,622,34946,404
5940,16,1531232,8214,32,2274,16
3808,56,829472707961,7616,112,3808,56
4852,6,558270,7020,18,2168,12
461792,3324,4531069266831,698664,6642,236872,3318
5816,14,1389758,8226,32,2410,18
4868,6,852238,7036,18,2168,12
5518,8,1208496,7798,22,2280,14
4860,6,858820,7028,18,2168,12
6036,18,1110517,8446,36,2410,18
4876,6,613716,6950,18,2074,12
4868,6,581666,7036,18,2168,12
4860,6,660893,7028,18,2168,12
5518,8,1567337,7798,22,2280,14
4876,6,541698,7044,18,2168,12
4856,6,1077271,7024,18,2168,12
34564,332,4830081820651,90616,980,56052,648
4860,6,923472,7028,18,2168,12
34664,340,4650589660308,88096,956,53432,616
4868,6,1024788,7036,18,2168,12
4868,6,827085,7036,18,2168,12
4860,6,554084,6934,18,2074,12
4868,6,563088,7036,18,2168,12
539342,3882,5292093541298,816008,7758,276666,3876
4856,6,809010,7024,18,2168,12
4868,6,571549,7036,18,2168,12
4852,6,567717,7020,18,2168,12
4856,6,541567,7024,18,2168,12
4860,6,1344407,7028,18,2168,12
4872,6,981896,7040,18,2168,12
5522,8,701558,7708,22,2186,14
92,1,41834,184,2,92,1
4876,6,1072741,7044,18,2168,12
4876,6,538496,7044,18,2168,12
4876,6,770707,7044,18,2168,12
4868,6,861853,7036,18,2168,12
4868,6,569139,7036,18,2168,12
4860,6,865443,7028,18,2168,12
4852,6,648847,7020,18,2168,12
4868,6,808818,7036,18,2168,12
4868,6,1434621,7036,18,2168,12
4868,6,540983,7036,18,2168,12
4876,6,552591,6950,18,2074,12
4856,6,580566,7024,18,2168,12
4868,6,644333,7036,18,2168,12
5828,14,1373188,8238,32,2410,18
5832,14,1522018,8242,32,2410,18
4872,6,925384,7040,18,2168,12
4872,6,795141,7040,18,2168,12
5514,8,670324,7794,22,2280,14
4876,6,510932431,7044,18,2168,12
6164,10,1424800,8468,24,2304,14
4856,6,512502583,7024,18,2168,12
4868,6,565385,7036,18,2168,12
4856,6,549041,7024,18,2168,12
4872,6,824348,7040,18,2168,12
4868,6,855263,7036,18,2168,12
6164,10,1259190,8468,24,2304,14
28574,282,3780064956187,71972,782,43398,500
4876,6,551275,6950,18,2074,12
4852,6,580347,7020,18,2168,12
4876,6,538365,6950,18,2074,12
4860,6,532947,6934,18,2074,12
4872,6,597502,7040,18,2168,12
5828,14,1449917,8102,30,2274,16
5514,8,670259,7794,22,2280,14
5944,16,1457671,8354,34,2410,18
4868,6,1011159,7036,18,2168,12
5518,8,1277564,7686,20,2168,12
4852,6,656104,7020,18,2168,12
4852,6,541658,7020,18,2168,12
56,1,33328,116,2,60,1
4860,6,575985,7028,18,2168,12
26522,254,3720062330524,69772,754,43250,500
4872,6,1102597,7040,18,2168,12
4876,6,509455140,7044,18,2168,12
1803724,1896,3840055668581,9787258,5558,7983534,3662
38974,374,5460098337504,102292,1106,63318,732
4876,6,635919,7044,18,2168,12
4868,6,873206,7036,18,2168,12
4852,6,546628,7020,18,2168,12
4868,6,570034,7036,18,2168,12
4876,6,1102323,7044,18,2168,12
6284,12,1079031,8588,26,2304,14
4876,6,866273,7044,18,2168,12
4856,6,856470,7024,18,2168,12
5948,16,1345676,8222,32,2274,16
5816,14,1366694,8226,32,2410,18
4860,6,868375,7028,18,2168,12
27572,264,3870112211104,72552,784,44980,520
5924,16,1125934,8198,32,2274,16
5506,8,1160085,7674,20,2168,12
5948,16,1375027,8222,32,2274,16
4860,6,867161,7028,18,2168,12
4868,6,754328,7036,18,2168,12
4856,6,1506113,7024,18,2168,12
5812,14,987364,8222,32,2410,18
4868,6,548495,7036,18,2168,12
4876,6,538480,6950,18,2074,12
56,1,52973,116,2,60,1
6160,10,1250204,8464,24,2304,14
4868,6,813799,7036,18,2168,12
5940,16,2074251,8214,32,2274,16
3808,56,829472707961,7616,112,3808,56
31514,310,4200577670189,79756,866,48242,556
4872,6,797412,7040,18,2168,12
198574,2782,3806208198788,585326,5576,386752,2794
4868,6,545379,7036,18,2168,12
525040,3794,5173635512055,795426,7582,270386,3788
4872,6,1310219,7040,18,2168,12
4860,6,810431,7028,18,2168,12
4876,6,531447,6950,18,2074,12
4872,6,546927,7040,18,2168,12
4852,6,547765,7020,18,2168,12
5940,16,1540322,8214,32,2274,16
6056,18,1458547,8466,36,2410,18
6052,18,1515389,8462,36,2410,18
5940,16,505147963,8214,32,2274,16
4868,6,544420,7036,18,2168,12
4872,6,549950,7040,18,2168,12
6148,10,1232383,8452,24,2304,14
24360,232,3450081330672,64496,696,40136,464
4856,6,555181,7024,18,2168,12
4872,6,802703,7040,18,2168,12
4860,6,511025497,6934,18,2074,12
4868,6,667586,7036,18,2168,12
4868,6,543996,7036,18,2168,12
4872,6,857325,7040,18,2168,12
4868,6,552977,7036,18,2168,12
6036,18,1084030,8446,36,2410,18
4868,6,537468,7036,18,2168,12
4868,6,538453,7036,18,2168,12
4868,6,831582,7036,18,2168,12
6160,10,2647823,8464,24,2304,14
4868,6,573190,7036,18,2168,12
6164,10,1410529,8468,24,2304,14
4852,6,544501,7020,18,2168,12
4876,6,508514464,7044,18,2168,12
5924,16,998018,8198,32,2274,16
4872,6,534548,7040,18,2168,12
4860,6,868375,7028,18,2168,12
5518,8,1017104,7686,20,2168,12
5944,16,1363956,8218,32,2274,16
4852,6,538341,7020,18,2168,12
4852,6,526174,7020,18,2168,12
5940,16,1451321,8214,32,2274,16
22866,222,3120125457897,58924,638,36058,416
4868,6,1554400,7036,18,2168,12
4860,6,549766,7028,18,2168,12
5940,16,1338535,8214,32,2274,16
4852,6,541046,7020,18,2168,12
4852,6,553061,7020,18,2168,12
4852,6,533768,7020,18,2168,12
5502,8,697238,7782,22,2280,14
4852,6,570938,7020,18,2168,12
4868,6,591466,7036,18,2168,12
5502,8,1254973,7782,22,2280,14
6040,18,1996020,8586,38,2546,20
30958,304,4140571425944,78644,854,47686,550
5514,8,1200234,7682,20,2168,12
4872,6,590990,7040,18,2168,12
4856,6,583442,7024,18,2168,12
4856,6,542969,7024,18,2168,12
4876,6,535454,7044,18,2168,12
27750401,18897,4400575949102,154476979,36392,126726578,17495
4872,6,860202,7040,18,2168,12
2040,30,430016991859,4080,60,2040,30
4868,6,1124313,7036,18,2168,12
4860,6,530929,6934,18,2074,12
1632,24,337956654699,3264,48,1632,24
4856,6,510374107,7024,18,2168,12
4852,6,602067,7020,18,2168,12
5928,16,3413122,8202,32,2274,16
32118,308,4500097867108,84228,910,52110,602
5506,8,1301655,7786,22,2280,14
5836,14,1346613,8246,32,2410,18
4868,6,1074847,7036,18,2168,12
4868,6,551489,7036,18,2168,12
4860,6,543578,7028,18,2168,12
4868,6,578615,7036,18,2168,12
6164,20,1632918,8710,40,2546,20
23644,228,3270112142189,61704,668,38060,440
4856,6,579350,7024,18,2168,12
6152,10,1277046,8456,24,2304,14
4868,6,702315,7036,18,2168,12
5816,14,1685964,8226,32,2410,18
4868,6,801177,7036,18,2168,12
4868,6,825899,7036,18,2168,12
5944,16,1723066,8218,32,2274,16
4856,6,537204,7024,18,2168,12
6152,10,1323603,8456,24,2304,14
4868,6,996453,7036,18,2168,12
5932,16,1550863,8342,34,2410,18
4852,6,547262,7020,18,2168,12
6056,18,1473418,8466,36,2410,18
5506,8,1030464,7674,20,2168,12
4856,6,574078,7024,18,2168,12
5928,16,1360193,8202,32,2274,16
4868,6,665589,7036,18,2168,12
4876,6,584460,7044,18,2168,12
4872,6,819889,7040,18,2168,12
4860,6,541208,7028,18,2168,12
4856,6,901024,7024,18,2168,12
4876,6,509834600,7044,18,2168,12
4852,6,756287,7020,18,2168,12
136,2,94854,272,4,136,2
4876,6,535947,7044,18,2168,12
22842,226,3000065320624,57244,622,34402,396
25114,242,3480064932347,65596,710,40482,468
4872,6,995502,7040,18,2168,12
5506,8,1030464,7674,20,2168,12
4852,6,531998,7020,18,2168,12
4868,6,903956,7036,18,2168,12
4876,6,542467,7044,18,2168,12
6036,18,1299071,8446,36,2410,18
4856,6,550985,7024,18,2168,12
32130,306,4560096947326,85068,918,52938,612
5928,16,1333283,8202,32,2274,16
5924,16,1035333,8198,32,2274,16
4860,6,1346489,7028,18,2168,12
4860,6,545893,6934,18,2074,12
5924,16,1129998,8198,32,2274,16
5168,76,1136928208099,10336,152,5168,76
5498,8,629260,7666,20,2168,12
4876,6,531690,7044,18,2168,12
4868,6,698491,7036,18,2168,12
3400,50,737407610409,6800,100,3400,50
4860,6,974604,7028,18,2168,12
4868,6,838774,7036,18,2168,12
4868,6,814658,7036,18,2168,12
5924,16,1060066,8334,34,2410,18
6164,10,1804245,8468,24,2304,14
6164,10,1407309,8468,24,2304,14
5828,14,1363510,8238,32,2410,18
6052,18,1789566,8462,36,2410,18
4876,6,540516,7044,18,2168,12
4872,6,705939,7040,18,2168,12
34070729,24483,5390561933891,189278360,46136,155207631,21653
4852,6,549499,7020,18,2168,12
4868,6,529171,7036,18,2168,12
4860,6,542591,6934,18,2074,12
6052,18,1473498,8462,36,2410,18
4868,6,863172,7036,18,2168,12
4852,6,552461,7020,18,2168,12
4872,6,507506838,7040,18,2168,12
4876,6,542562,6950,18,2074,12
6152,10,1402711,8456,24,2304,14
4860,6,884563,7028,18,2168,12
4860,6,849757,7028,18,2168,12
5952,16,2093707,8120,32,2168,16
28622,274,4020066032764,75332,814,46710,540
5940,16,1517139,8214,32,2274,16
5924,16,1024842,8198,32,2274,16
4852,6,580849,7020,18,2168,12
4868,6,1081573,7036,18,2168,12
5932,16,1436627,8206,32,2274,16
4876,6,531447,6950,18,2074,12
5506,8,680598,7786,22,2280,14
4860,6,524595,7028,18,2168,12
5832,14,1410937,8242,32,2410,18
4860,6,522960,7028,18,2168,12
4868,6,561630,7036,18,2168,12
5932,16,510784515,8206,32,2274,16
4868,6,582252,7036,18,2168,12
4872,6,575000,7040,18,2168,12
5832,14,1401056,8242,32,2410,18
5948,16,1363432,8222,32,2274,16
35688,342,5010555838960,93816,1014,58128,672
23854,230,3300064321860,62260,674,38406,444
24410,236,3360571929181,63372,686,38962,450
4876,6,639140,6950,18,2074,12
1984830,2088,4230054786054,10775382,6120,8790552,4032
6052,18,1587444,8462,36,2410,18
31168,306,4170555836531,79200,860,48032,554
4876,6,543959,7044,18,2168,12
4852,6,702607,7020,18,2168,12
4868,6,573434,7036,18,2168,12
6164,10,1428266,8468,24,2304,14
4876,6,956098,6950,18,2074,12
4852,6,534891,7020,18,2168,12
4872,6,857720,7040,18,2168,12
32550,310,4620093898030,86180,930,53630,620
4852,6,565365,7020,18,2168,12
5304,78,1166945756246,10608,156,5304,78
4860,6,527010,7028,18,2168,12
4852,6,521350,7020,18,2168,12
4872,6,558967,7040,18,2168,12
4872,6,832904,7040,18,2168,12
4860,6,580326,7028,18,2168,12
4868,6,872589,7036,18,2168,12
5816,14,1514559,8226,32,2410,18
4868,6,816065,7036,18,2168,12
5924,16,1197491,8334,34,2410,18
24632,236,3450080652097,64768,700,40136,464
4868,6,840722,7036,18,2168,12
5506,8,949143,7674,20,2168,12
4868,6,539391,7036,18,2168,12
4868,6,864355,7036,18,2168,12
4868,6,584199,7036,18,2168,12
4868,6,571586,7036,18,2168,12
4872,6,1145499,7040,18,2168,12
4856,6,563810,7024,18,2168,12
23100,220,3270112131215,61160,660,38060,440
4876,6,544770,6950,18,2074,12
4876,6,561513,6950,18,2074,12
511746,3698,5043139290684,775308,7390,263562,3692
4876,6,560335,7044,18,2168,12
4868,6,840616,7036,18,2168,12
4852,6,1782761,7020,18,2168,12
4852,6,636315,7020,18,2168,12
4868,6,549051,7036,18,2168,12
27956,274,3750556114590,71144,772,43188,498
4856,6,539825,7024,18,2168,12
4876,6,558633,6950,18,2074,12
4856,6,1116478,7024,18,2168,12
5518,8,966437,7798,22,2280,14
4856,6,540234,7024,18,2168,12
4868,6,548772,7036,18,2168,12
92,1,31940,184,2,92,1
4852,6,561830,7020,18,2168,12
4860,6,538606,6934,18,2074,12
4852,6,509590730,7020,18,2168,12
4856,6,565186,7024,18,2168,12
4852,6,521774,7020,18,2168,12
29240,282,4050556002601,76160,824,46920,542
5518,8,1113016,7798,22,2280,14
4860,6,1051908,7028,18,2168,12
5940,16,1560178,8350,34,2410,18
5948,16,2087938,8222,32,2274,16
4868,6,817274,7036,18,2168,12
4868,6,836110,7036,18,2168,12
4868,6,806079,7036,18,2168,12
6056,18,1592258,8466,36,2410,18
5506,8,1233567,7674,20,2168,12
5948,16,1369968,8222,32,2274,16
4852,6,1105796,7020,18,2168,12
4852,6,532574,7020,18,2168,12
5518,8,1097059,7686,20,2168,12
4860,6,1117898,7028,18,2168,12
1224,18,245887854138,2448,36,1224,18
5932,16,1484655,8342,34,2410,18
4876,6,548175,7044,18,2168,12
4860,6,523076,6934,18,2074,12
6152,10,1121283,8456,24,2304,14
4856,6,553391,7024,18,2168,12
5514,8,693671,7794,22,2280,14
4852,6,551513,7020,18,2168,12
4868,6,532900,7036,18,2168,12
4868,6,865199,7036,18,2168,12
816,12,153695566418,1632,24,816,12
14589160,89740,3208769707900,23524700,179480,8935540,89740
6060,18,1651194,8470,36,2410,18
4860,6,891197,7028,18,2168,12
4872,6,858662,7040,18,2168,12
4860,6,551813,6934,18,2074,12
4852,6,533792,7020,18,2168,12
5506,8,692868,7692,22,2186,14
4852,6,1203015,7020,18,2168,12
4868,6,880793,7036,18,2168,12
4868,6,557298,7036,18,2168,12
4856,6,562552,7024,18,2168,12
4868,6,893286,7036,18,2168,12
4852,6,645203,7020,18,2168,12
3264,48,706431424223,6528,96,3264,48
5836,14,1400663,8246,32,2410,18
4852,6,613349,7020,18,2168,12
4876,6,571183,6950,18,2074,12
92,1,31977,184,2,92,1
4868,6,812827,7036,18,2168,12
4856,6,613504,7024,18,2168,12
4852,6,869158,7020,18,2168,12
4872,6,988738,7040,18,2168,12
4876,6,567616,7044,18,2168,12
5836,14,1439258,8246,32,2410,18
969327,1021,4130056570681,5261259,2991,4291932,1970
4868,6,862908,7036,18,2168,12
4868,6,551103,7036,18,2168,12
4876,6,596998,7044,18,2168,12
4868,6,858705,7036,18,2168,12
4852,6,535939,7020,18,2168,12
32884,316,4590048108301,86168,932,53284,616
33910,330,4620604715326,87540,950,53630,620
5924,16,968448,8198,32,2274,16
2992,44,645407579692,5984,88,2992,44
4856,6,560828,7024,18,2168,12
4856,6,946641,7024,18,2168,12
4868,6,754480,7036,18,2168,12
4852,6,562786,7020,18,2168,12
6168,20,1649400,8714,40,2546,20
4860,6,552860,6934,18,2074,12
4860,6,896822,7028,18,2168,12
4856,6,578625,7024,18,2168,12
4852,6,572611,7020,18,2168,12
4852,6,539427,7020,18,2168,12
4852,6,621561,7020,18,2168,12
4876,6,507974373,7044,18,2168,12
5940,16,1478480,8214,32,2274,16
5940,16,1336690,8214,32,2274,16
4868,6,581755,7036,18,2168,12
6144,10,1876345,8448,24,2304,14
27510,262,3900097596194,72836,786,45326,524
4872,6,983091,7040,18,2168,12
4876,6,782922,7044,18,2168,12
4872,6,2345105,7040,18,2168,12
4856,6,821979,7024,18,2168,12
4868,6,547886,7036,18,2168,12
5928,16,1352205,8202,32,2274,16
2720,40,583840968440,5440,80,2720,40
4852,6,507331777,7020,18,2168,12
4868,6,880793,7036,18,2168,12
5932,16,1380933,8206,32,2274,16
5940,16,1746002,8350,34,2410,18
4860,6,994041,7028,18,2168,12
6152,20,1713339,8698,40,2546,20
272,4,30497600171,544,8,272,4
4872,6,818686,7040,18,2168,12
404116,2920,3981477635428,612110,5834,207994,2914
228948,3208,4386723389918,674668,6428,445720,3220
4856,6,573391,7024,18,2168,12
4860,6,875917,6934,18,2074,12
270312,3788,5167904487101,799328,7580,529016,3792
5812,14,1220971,8222,32,2410,18
4868,6,959779,7036,18,2168,12
4868,6,1540308,7036,18,2168,12
4856,6,839760,7024,18,2168,12
4852,6,571917,7020,18,2168,12
4896,72,1074881802112,9792,144,4896,72
5506,8,510959377,7692,22,2186,14
33872,324,4770082683529,89232,964,55360,640
4872,6,1399380,7040,18,2168,12
5502,8,1251907,7670,20,2168,12
4876,6,535096,7044,18,2168,12
4860,6,863017,7028,18,2168,12
4876,6,541985,7044,18,2168,12
4856,6,508492109,7024,18,2168,12
4876,6,888924,6950,18,2074,12
5948,16,1551959,8222,32,2274,16
4860,6,544256,7028,18,2168,12
6152,20,1753840,8698,40,2546,20
5940,16,1369889,8214,32,2274,16
5832,14,1414017,8242,32,2410,18
4876,6,560776,6950,18,2074,12
4868,6,540223,7036,18,2168,12
4876,6,568353,6950,18,2074,12
4860,6,529442,7028,18,2168,12
4868,6,851187,7036,18,2168,12
4868,6,553875,7036,18,2168,12
5522,8,1439726,7690,20,2168,12
4852,6,582390,7020,18,2168,12
4868,6,571276,7036,18,2168,12
4868,6,544010,7036,18,2168,12
5940,16,2115366,8350,34,2410,18
29734,286,4140065073233,77828,842,48094,556
4856,6,607650,7024,18,2168,12
22890,218,3240096371629,60604,654,37714,436
4856,6,785463,7024,18,2168,12
4856,6,829284,7024,18,2168,12
4852,6,574871,7020,18,2168,12
38628,370,5430082196240,101464,1096,62836,726
4868,6,541441,7036,18,2168,12
6152,10,1121283,8456,24,2304,14
4852,6,959741,7020,18,2168,12
5924,16,1046032,8334,34,2410,18
4860,6,993649,7028,18,2168,12
4872,6,833149,7040,18,2168,12
4852,6,1240468,7020,18,2168,12
5836,14,1346613,8246,32,2410,18
36602,350,5160222430005,96460,1042,59858,692
4876,6,509975045,6950,18,2074,12
4876,6,535868,7044,18,2168,12
4876,6,538496,7044,18,2168,12
38382,374,5220606716074,98932,1074,60550,700
4872,6,796977,7040,18,2168,12
4876,6,585610,6950,18,2074,12
680,10,122975825955,1360,20,680,10
4876,6,537488,6950,18,2074,12
4860,6,741589,6934,18,2074,12
4868,6,562657,7036,18,2168,12
169288,2372,3235168944162,500752,4748,331464,2376
4872,6,521131199,7040,18,2168,12
56,1,36394,116,2,60,1
26312,252,3690081377653,69216,748,42904,496
4860,6,876205,7028,18,2168,12
4856,6,559822,7024,18,2168,12
4860,6,537884,6934,18,2074,12
4852,6,1788772,7020,18,2168,12
4872,6,1029369,7040,18,2168,12
4868,6,1273390,7036,18,2168,12
5502,8,1044572,7670,20,2168,12
4868,6,1141028,7036,18,2168,12
4856,6,542601,7024,18,2168,12
4860,6,547046,7028,18,2168,12
4856,6,1030601,7024,18,2168,12
4856,6,550770,7024,18,2168,12
18408288,113232,4049280563791,29682960,226464,11274672,113232
4876,6,1217846,7044,18,2168,12
4868,6,1298458,7036,18,2168,12
4868,6,1013562,7036,18,2168,12
4868,6,627311,7036,18,2168,12
4868,6,883552,7036,18,2168,12
5924,16,510459863,8198,32,2274,16
3672,54,798975542811,7344,108,3672,54
4852,6,541070,7020,18,2168,12
4868,6,877294,7036,18,2168,12
6044,18,2176544,8454,36,2410,18
4856,6,613558,7024,18,2168,12
5506,8,1112366,7786,22,2280,14
25052,240,3510050088652,65880,712,40828,472
4852,6,779783,7020,18,2168,12
4868,6,812342,7036,18,2168,12
4876,6,558300,6950,18,2074,12
5944,16,1861799,8354,34,2410,18
5506,8,1113827,7786,22,2280,14
6060,18,1847940,8470,36,2410,18
4852,6,574559,7020,18,2168,12
4876,6,638046,7044,18,2168,12
4876,6,556165,7044,18,2168,12
30007302,20186,4760671754151,167130611,39184,137123309,18998
4876,6,551941,7044,18,2168,12
4872,6,808686,7040,18,2168,12
4876,6,528695,7044,18,2168,12
4876,6,584038,7044,18,2168,12
5928,16,2003716,8338,34,2410,18
4876,6,509290203,6950,18,2074,12
4872,6,546179,7040,18,2168,12
4876,6,510932431,7044,18,2168,12
4876,6,546920,6950,18,2074,12
4860,6,1436970,7028,18,2168,12
6160,10,1279641,8464,24,2304,14
4876,6,542139,6950,18,2074,12
4868,6,1227389,7036,18,2168,12
4860,6,545556,6934,18,2074,12
5836,14,1380701,8246,32,2410,18
4852,6,852537,7020,18,2168,12
4868,6,517395053,7036,18,2168,12
5928,16,1390365,8202,32,2274,16
92,1,31004,184,2,92,1
4872,6,964409,7040,18,2168,12
4876,6,550960,6950,18,2074,12
4852,6,561434,7020,18,2168,12
4860,6,2273924,6934,18,2074,12
5928,16,1391677,8202,32,2274,16
4868,6,508776574,7036,18,2168,12
4872,6,860973,7040,18,2168,12
165122,2314,3154657092346,488498,4632,323376,2318
4852,6,1011906,7020,18,2168,12
35404,340,4950080432495,92840,1004,57436,664
2176,32,460801117333,4352,64,2176,32
4860,6,864404,7028,18,2168,12
4860,6,550589,7028,18,2168,12
4876,6,551951,6950,18,2074,12
6052,18,1987562,8462,36,2410,18
4852,6,559165,7020,18,2168,12
4868,6,1406933,7036,18,2168,12
1904,28,399009700476,3808,56,1904,28
6036,18,2184988,8446,36,2410,18
4852,6,535232,7020,18,2168,12
5940,16,1377253,8214,32,2274,16
4852,6,540063,7020,18,2168,12
1482728,1564,3150056999909,8034850,4574,6552122,3010
92,1,29846,184,2,92,1
4852,6,524757,7020,18,2168,12
4872,6,542321,7040,18,2168,12
4876,6,1154381,7044,18,2168,12
4868,6,1127626,7036,18,2168,12
36764,360,4950557682934,93656,1016,56892,656
4872,6,951855,7040,18,2168,12
31484830,21723,4990559743779,175193499,41690,143708669,19967
2856,42,614369076420,5712,84,2856,42
35342,338,4980063344516,93124,1006,57782,668
24904,240,3450081318954,65040,704,40136,464
4856,6,538743,7024,18,2168,12
5932,16,1335828,8206,32,2274,16
4868,6,1101504,7036,18,2168,12
22718,222,3060605356169,58356,634,35638,412
4860,6,562341,6934,18,2074,12
680,10,122878733253,1360,20,680,10
4860,6,974604,7028,18,2168,12
4852,6,547084,7020,18,2168,12
5944,16,1398728,8218,32,2274,16
4872,6,855909,7040,18,2168,12
4868,6,534508,7036,18,2168,12
6060,18,1643228,8470,36,2410,18
5828,14,1322669,8238,32,2410,18
4852,6,533275,7020,18,2168,12
4872,6,1002746,7040,18,2168,12
4868,6,817274,7036,18,2168,12
4872,6,716867,7040,18,2168,12
4868,6,1196722,7036,18,2168,12
4856,6,1314166,7024,18,2168,12
365078,2628,3579552828280,552662,5256,187584,2628
5832,14,1410937,8242,32,2410,18
5940,16,2172007,8214,32,2274,16
4852,6,575231,7020,18,2168,12
6036,18,1113554,8446,36,2410,18
6160,10,1246471,8464,24,2304,14
4872,6,1016661,7040,18,2168,12
36812,352,5190081657880,97016,1048,60204,696
4868,6,577787,7036,18,2168,12
31920,304,4530113843266,84512,912,52592,608
4868,6,557340,7036,18,2168,12
5928,16,1332661,8202,32,2274,16
4872,6,1033281,7040,18,2168,12
4868,6,561649,7036,18,2168,12
4868,6,572645,7036,18,2168,12
4856,6,542749,7024,18,2168,12
5832,14,1706240,8242,32,2410,18
4856,6,541490,7024,18,2168,12
4876,6,558565,7044,18,2168,12
4876,6,529951,7044,18,2168,12
4860,6,1191597,7028,18,2168,12
22310,216,3060571753445,57812,626,35502,410
35566,350,4740571956739,90036,978,54470,628
6036,18,1188730,8446,36,2410,18
4872,6,878461,7040,18,2168,12
4868,6,551103,7036,18,2168,12
4860,6,550026,7028,18,2168,12
5518,8,1209062,7686,20,2168,12
26312,252,3690047287977,69216,748,42904,496
4868,6,572068,7036,18,2168,12
4868,6,506745061,7036,18,2168,12
5502,8,1062153,7670,20,2168,12
5828,14,511017761,8238,32,2410,18
6148,10,1256789,8452,24,2304,14
5924,16,1133794,8198,32,2274,16
1496,22,307454964917,2992,44,1496,22
4860,6,714234,7028,18,2168,12
52592,608,4530049010851,85328,924,32736,316
4868,6,571549,7036,18,2168,12
4868,6,582007,7036,18,2168,12
4868,6,948097,7036,18,2168,12
4868,6,844726,7036,18,2168,12
4852,6,1654358,7020,18,2168,12
4876,6,524171,6950,18,2074,12
4876,6,529087,7044,18,2168,12
4872,6,861910,7040,18,2168,12
6160,10,1147700,8464,24,2304,14
23951440,14526,3820575819792,133889207,29481,109937767,14955
4872,6,541193,7040,18,2168,12
4860,6,794979,7028,18,2168,12
4872,6,989349,7040,18,2168,12
5944,16,1377968,8218,32,2274,16
4876,6,524445,6950,18,2074,12
4868,6,511343156,7036,18,2168,12
4868,6,560534,7036,18,2168,12
6160,10,1467575,8464,24,2304,14
6148,10,1253376,8452,24,2304,14
4868,6,1071391,7036,18,2168,12
4868,6,778431,7036,18,2168,12
4868,6,649184,7036,18,2168,12
4856,6,798108,7024,18,2168,12
39394,378,5520539906149,103404,1118,64010,740
4852,6,536214,7020,18,2168,12
4856,6,584853,7024,18,2168,12
5928,16,1367090,8202,32,2274,16
5506,8,1102026,7674,20,2168,12
217958,3054,4166208901746,644570,6112,426612,3058
4872,6,829854,7040,18,2168,12
4868,6,561236,7036,18,2168,12
6160,10,1026575,8464,24,2304,14
4852,6,565365,7020,18,2168,12
30364,292,4230080156194,79496,860,49132,568
4876,6,528485,7044,18,2168,12
4876,6,524478,6950,18,2074,12
4852,6,621317,7020,18,2168,12
4872,6,565550,7040,18,2168,12
5932,16,1508411,8342,34,2410,18
2584,38,552804832946,5168,76,2584,38
4860,6,876658,7028,18,2168,12
61934,716,5340097043123,100884,1094,38950,378
5506,8,1073107,7674,20,2168,12
2064224,2172,4400053207353,11208180,6368,9143956,4196
4860,6,860884,7028,18,2168,12
4860,6,546112,7028,18,2168,12
4868,6,549408,7036,18,2168,12
4856,6,563095,7024,18,2168,12
236180,3310,4517216306401,698578,6624,462398,3314
2176,32,461311133701,4352,64,2176,32
5948,16,1357879,8222,32,2274,16
4852,6,567027,7020,18,2168,12
4860,6,865108,7028,18,2168,12
4860,6,539676,7028,18,2168,12
4860,6,873956,7028,18,2168,12
4868,6,1090313,7036,18,2168,12
4852,6,545852,7020,18,2168,12
4876,6,581067,6950,18,2074,12
4856,6,860082,7024,18,2168,12
5514,8,1287720,7682,20,2168,12
5518,8,1101909,7798,22,2280,14
4856,6,550770,7024,18,2168,12
4868,6,541679,7036,18,2168,12
22952,220,3210081661721,60320,652,37368,432
4876,6,541890,7044,18,2168,12
4868,6,547154,7036,18,2168,12
34650,330,4920096724606,91740,990,57090,660
5506,8,666133,7786,22,2280,14
4868,6,677229,7036,18,2168,12
4852,6,1446761,7020,18,2168,12
4872,6,879932,7040,18,2168,12
6164,10,1357786,8468,24,2304,14
6160,10,1008535,8464,24,2304,14
5932,16,1344641,8206,32,2274,16
4868,6,538755,7036,18,2168,12
4852,6,578786,7020,18,2168,12
4868,6,557500,7036,18,2168,12
5928,16,1363208,8202,32,2274,16
4868,6,1079790,7036,18,2168,12
5932,16,1504951,8206,32,2274,16
40124,392,5430398307391,102552,1112,62428,720
6036,18,1128156,8446,36,2410,18
4876,6,623861,6950,18,2074,12
394982,2854,3891617027121,598266,5702,203284,2848
4852,6,606457,7020,18,2168,12
4872,6,632447,7040,18,2168,12
4856,6,554826,7024,18,2168,12
5940,16,1548551,8214,32,2274,16
4852,6,1075383,7020,18,2168,12
4876,6,573971,6950,18,2074,12
4860,6,864404,7028,18,2168,12
4868,6,547132,7036,18,2168,12
4876,6,550407,6950,18,2074,12
5928,16,1366466,8202,32,2274,16
36034,346,5040096167743,94508,1022,58474,676
4868,6,605032,7036,18,2168,12
4868,6,576596,7036,18,2168,12
5940,16,1501082,8214,32,2274,16
2176,32,460513778955,4352,64,2176,32
4876,6,545853,7044,18,2168,12
5514,8,1251769,7794,22,2280,14
4872,6,803976,7040,18,2168,12
4852,6,543890,7020,18,2168,12
38430,366,5460098809372,101748,1098,63318,732
4872,6,788510,7040,18,2168,12
4872,6,1047259,7040,18,2168,12
5940,16,1409840,8214,32,2274,16
5518,8,1415770,7686,20,2168,12
5518,8,1221683,7686,20,2168,12
4856,6,1031482,7024,18,2168,12
5828,14,1477303,8238,32,2410,18
4872,6,1310254,7040,18,2168,12
4872,6,871350,7040,18,2168,12
4868,6,546010,7036,18,2168,12
4868,6,1298458,7036,18,2168,12
4868,6,586631,7036,18,2168,12
4856,6,851419,7024,18,2168,12
4876,6,546942,6950,18,2074,12
4868,6,927241,7036,18,2168,12
929929,980,3960061607732,5046037,2869,4116108,1889
6052,18,1460974,8462,36,2410,18
5836,14,1722430,8246,32,2410,18
4856,6,827402,7024,18,2168,12
4856,6,996382,7024,18,2168,12
6284,12,1751299,8588,26,2304,14
4868,6,541848,7036,18,2168,12
4872,6,792952,7040,18,2168,12
4860,6,554825,6934,18,2074,12
481290,3478,4742627350655,729152,6950,247862,3472
28128,270,3930081515382,73664,796,45536,526
4856,6,560332,7024,18,2168,12
4852,6,540588,7020,18,2168,12
24212,232,3390051033445,63656,688,39444,456
4872,6,813589,7040,18,2168,12
4872,6,2399662,7040,18,2168,12
4856,6,580566,7024,18,2168,12
4868,6,538424,7036,18,2168,12
5940,16,1475978,8214,32,2274,16
4876,6,534355,6950,18,2074,12
55014,636,4740574169302,89492,970,34478,334
288,4,230965,1704,8,1416,4
4868,6,949975,7036,18,2168,12
4856,6,613504,7024,18,2168,12
4868,6,552977,7036,18,2168,12
4872,6,990199,7040,18,2168,12
4860,6,557721,6934,18,2074,12
5514,8,662665,7794,22,2280,14
4868,6,542106,7036,18,2168,12
4868,6,564170,7036,18,2168,12
4872,6,878461,7040,18,2168,12
4872,6,862710,7040,18,2168,12
4852,6,527117,7020,18,2168,12
4856,6,563862,7024,18,2168,12
4868,6,570195,7036,18,2168,12
4876,6,565958,6950,18,2074,12
26794,258,3720064289397,70044,758,43250,500
4860,6,636698,7028,18,2168,12
4856,6,554606,7024,18,2168,12
4876,6,553330,6950,18,2074,12
4852,6,544729,7020,18,2168,12
4868,6,555483,7036,18,2168,12
4856,6,536596,7024,18,2168,12
4860,6,1134423,7028,18,2168,12
1148497,1207,4905184109112,6239283,3543,5090786,2336
4856,6,584185,7024,18,2168,12
5506,8,1431071,7674,20,2168,12
1360,20,276033949835,2720,40,1360,20
4876,6,535213,7044,18,2168,12
4856,6,557876,7024,18,2168,12
6060,18,1665321,8470,36,2410,18
33996,328,4710080768580,88664,960,54668,632
4860,6,788750,7028,18,2168,12
56,1,39391,112,2,56,1
4852,6,531954,7020,18,2168,12
4860,6,590048,7028,18,2168,12
23768,232,3210589088976,61136,664,37368,432
4868,6,528582,7036,18,2168,12
21902,210,3060096925204,57540,622,35638,412
4868,6,551797,7036,18,2168,12
4856,6,2173318,7024,18,2168,12
4868,6,539899,7036,18,2168,12
4868,6,588582,7036,18,2168,12
4852,6,541785,7020,18,2168,12
4868,6,545508,7036,18,2168,12
4860,6,545486,6934,18,2074,12
4856,6,1014314,7024,18,2168,12
5944,16,1471540,8218,32,2274,16
4868,6,875381,7036,18,2168,12
5522,8,644593,7708,22,2186,14
4868,6,773277,7036,18,2168,12
4868,6,1092673,7036,18,2168,12
34292,328,4830048155827,90344,976,56052,648
4852,6,563656,7020,18,2168,12
4860,6,527093,7028,18,2168,12
92,1,30792,184,2,92,1
39394,378,5520032196673,103404,1118,64010,740
4852,6,560053,7020,18,2168,12
4852,6,574128,7020,18,2168,12
4860,6,1289669,7028,18,2168,12
5924,16,1292603,8198,32,2274,16
4860,6,854681,7028,18,2168,12
6040,18,1656004,8450,36,2410,18
4856,6,1420062,7024,18,2168,12
4852,6,547270,7020,18,2168,12
4868,6,525942,7036,18,2168,12
37800,360,5370081319371,100080,1080,62280,720
4868,6,534043,7036,18,2168,12
4868,6,545376,7036,18,2168,12
4872,6,580102,7040,18,2168,12
4852,6,555777,7020,18,2168,12
339270,2452,3340577210594,513886,4898,174616,2446
4868,6,842135,7036,18,2168,12
5940,16,1502886,8214,32,2274,16
4856,6,1142889,7024,18,2168,12
4868,6,545616,7036,18,2168,12
5514,8,710385,7794,22,2280,14
5836,14,1722430,8246,32,2410,18
4868,6,512296773,7036,18,2168,12
4868,6,582007,7036,18,2168,12
30574,294,4260064192727,80052,866,49478,572
4860,6,546288,6934,18,2074,12
249358,3494,4767329543645,737360,6992,488002,3498
4868,6,552141,7036,18,2168,12
4856,6,539341,7024,18,2168,12
4852,6,654141,7020,18,2168,12
4868,6,783914,7036,18,2168,12
6052,18,1723153,8462,36,2410,18
4872,6,580102,7040,18,2168,12
4852,6,547717,7020,18,2168,12
3264,48,706943386219,6528,96,3264,48
4872,6,887798,7040,18,2168,12
4876,6,528032,6950,18,2074,12
4852,6,761632,7020,18,2168,12
4856,6,1175061,7024,18,2168,12
4868,6,534874,7036,18,2168,12
4852,6,566334,7020,18,2168,12
4872,6,855457,7040,18,2168,12
4872,6,868391,7040,18,2168,12
4872,6,777215,7040,18,2168,12
5506,8,981689,7786,22,2280,14
4872,6,1737828,7040,18,2168,12
4868,6,792725,7036,18,2168,12
4868,6,983494,7036,18,2168,12
4856,6,919343,7024,18,2168,12
4872,6,825967,7040,18,2168,12
26844,262,3630587420793,68784,746,41940,484
4868,6,549027,7036,18,2168,12
4856,6,998895,7024,18,2168,12
26102,250,3660096166897,68660,742,42558,492
4860,6,538714,7028,18,2168,12
5502,8,896600,7782,22,2280,14
4872,6,509558513,7040,18,2168,12
4856,6,555113,7024,18,2168,12
4856,6,823124,7024,18,2168,12
5928,16,1956543,8338,34,2410,18
4868,6,813700,7036,18,2168,12
4860,6,545795,6934,18,2074,12
4876,6,547622,7044,18,2168,12
243968,3418,4667739699897,712556,6844,468588,3426
4856,6,785701,7024,18,2168,12
6168,10,658803,8336,22,2168,12
4856,6,561565,7024,18,2168,12
4868,6,534156,7036,18,2168,12
4856,6,562391,7024,18,2168,12
28264,272,3930047970558,73936,800,45672,528
19999386,123022,4399296846828,32248856,246044,12249470,123022
4868,6,551331,7036,18,2168,12
4856,6,540574,7024,18,2168,12
4872,6,832582,7040,18,2168,12
4872,6,560069,7040,18,2168,12
4860,6,542898,7028,18,2168,12
5928,16,1336859,8202,32,2274,16
4852,6,561225,7020,18,2168,12
4852,6,605519,7020,18,2168,12
4856,6,543412,7024,18,2168,12
32402,310,4560030619514,85340,922,52938,612
5522,8,680999,7708,22,2186,14
4856,6,849996,7024,18,2168,12
4868,6,853717,7036,18,2168,12
4868,6,541715,7036,18,2168,12
4856,6,798108,7024,18,2168,12
5924,16,968198,8198,32,2274,16
21482,206,3000096191257,56428,610,34946,404
4852,6,1062261,7020,18,2168,12
27090,258,3840065466128,71724,774,44634,516
4852,6,564834,7020,18,2168,12
26102,250,3660063810373,68660,742,42558,492
5440,80,1198080250538,10880,160,5440,80
4860,6,540686,7028,18,2168,12
92,1,30078,184,2,92,1
4872,6,870754,7040,18,2168,12
4868,6,557298,7036,18,2168,12
4852,6,554997,7020,18,2168,12
4868,6,875390,7036,18,2168,12
36182,346,5100063328195,95348,1030,59166,684
4876,6,542641,6950,18,2074,12
3400,50,737060707036,6800,100,3400,50
34292,328,4830044870739,90344,976,56052,648
5518,8,1285742,7798,22,2280,14
4868,6,866710,7036,18,2168,12
491328,3536,4821085840771,743282,7066,251954,3530
4860,6,538494,6934,18,2074,12
4624,68,1013862327439,9248,136,4624,68
5518,8,1279069,7798,22,2280,14
5940,16,1477962,8214,32,2274,16
4868,6,570930,7036,18,2168,12
5944,16,1418231,8354,34,2410,18
4868,6,536674,7036,18,2168,12
92,1,31763,184,2,92,1
4876,6,509821479,6950,18,2074,12
4876,6,534691,7044,18,2168,12
5514,8,1292342,7682,20,2168,12
4868,6,572714,7036,18,2168,12
31414,302,4380064271559,82276,890,50862,588
5836,14,1375769,8246,32,2410,18
4876,6,541879,6950,18,2074,12
6148,10,1302616,8452,24,2304,14
4860,6,748969,7028,18,2168,12
6052,18,1565494,8462,36,2410,18
4868,6,530367,7036,18,2168,12
4856,6,592770,7024,18,2168,12
4856,6,867434,7024,18,2168,12
4856,6,823243,7024,18,2168,12
4852,6,541222,7020,18,2168,12
4856,6,977003,7024,18,2168,12
4868,6,983494,7036,18,2168,12
4872,6,561623,7040,18,2168,12
5948,16,1362596,8222,32,2274,16
4860,6,568890,6934,18,2074,12
5944,16,1408099,8218,32,2274,16
39184,376,5490083923903,102848,1112,63664,736
437338,3148,4290561514959,661650,6290,224312,3142
5506,8,1450541,7674,20,2168,12
280758,3934,5368256474217,830144,7872,549386,3938
5832,14,1385606,8242,32,2410,18
4868,6,549910,7036,18,2168,12
4868,6,912549,7036,18,2168,12
5940,16,1614899,8214,32,2274,16
4860,6,938541,7028,18,2168,12
4860,6,870546,7028,18,2168,12
4860,6,969450,7028,18,2168,12
4876,6,539395,6950,18,2074,12
4860,6,993804,7028,18,2168,12
4876,6,528485,7044,18,2168,12
4860,6,519255,6934,18,2074,12
4852,6,528878,7020,18,2168,12
4856,6,567235,7024,18,2168,12
6152,10,1288130,8456,24,2304,14
6152,10,1281159,8456,24,2304,14
4868,6,823026,7036,18,2168,12
4856,6,697802,7024,18,2168,12
4876,6,527889,6950,18,2074,12
5506,8,1355134,7786,22,2280,14
2312,34,491296515585,4624,68,2312,34
4868,6,1072157,7036,18,2168,12
4868,6,1617109,7036,18,2168,12
4856,6,776998,7024,18,2168,12
4868,6,580937,7036,18,2168,12
4896,72,1075009572432,9792,144,4896,72
5828,14,1354099,8238,32,2410,18
4852,6,532966,7020,18,2168,12
4872,6,552591,7040,18,2168,12
5932,16,1817249,8206,32,2274,16
4872,6,847527,7040,18,2168,12
26942,258,3780063296589,70884,766,43942,508
4868,6,1016525,7036,18,2168,12
4876,6,1146605,7044,18,2168,12
5928,16,1566169,8338,34,2410,18
23310,222,3300063811758,61716,666,38406,444
92,1,52202,184,2,92,1
4856,6,563810,7024,18,2168,12
4868,6,534392,7036,18,2168,12
4872,6,1159060,7040,18,2168,12
4852,6,762179,7020,18,2168,12
4860,6,819934,7028,18,2168,12
4876,6,539135,7044,18,2168,12
175914,2464,3365689540473,514002,4936,338088,2472
4860,6,972859,7028,18,2168,12
4872,6,832904,7040,18,2168,12
5506,8,1160085,7674,20,2168,12
4852,6,589478,7020,18,2168,12
4876,6,538118,7044,18,2168,12
5924,16,1510149,8198,32,2274,16
33094,318,4620095554215,86724,938,53630,620
4868,6,1052099,7036,18,2168,12
4856,6,552655,7024,18,2168,12
4868,6,863578,7036,18,2168,12
4872,6,858219,7040,18,2168,12
21840,208,3090048961999,57824,624,35984,416
6040,18,1484162,8450,36,2410,18
1768,26,368481365114,3536,52,1768,26
4856,6,813093,7024,18,2168,12
4876,6,547450,7044,18,2168,12
5518,8,1050333,7686,20,2168,12
5502,8,1274008,7782,22,2280,14
6144,10,509154873,8312,22,2168,12
4876,6,541846,7044,18,2168,12
4080,60,890771692344,8160,120,4080,60
31982,306,4500097575339,84228,910,52246,604
6060,18,281792432,8470,36,2410,18
4856,6,819158,7024,18,2168,12
4852,6,555276,7020,18,2168,12
4868,6,1013843,7036,18,2168,12
6052,18,2281056,8462,36,2410,18
6060,18,1530670,8470,36,2410,18
4860,6,547470,7028,18,2168,12
4856,6,835377,7024,18,2168,12
4872,6,872434,7040,18,2168,12
4876,6,1130101,7044,18,2168,12
4852,6,538064,7020,18,2168,12
5828,14,1571444,8238,32,2410,18
5514,8,1250266,7682,20,2168,12
34650,330,4920096724606,91740,990,57090,660
277964,3894,5318745945797,811658,7796,533694,3902
6164,10,1442688,8332,22,2168,12
5522,8,510403698,7596,20,2074,12
5928,16,1345098,8202,32,2274,16
22742,218,3180096172894,59764,646,37022,428
4868,6,862893,7036,18,2168,12
56,1,37646,112,2,56,1
36182,346,5100065684746,95348,1030,59166,684
4872,6,908796,7040,18,2168,12
4852,6,567717,7020,18,2168,12
4860,6,868743,6934,18,2074,12
57436,664,4950050303955,93384,1012,35948,348
4876,6,538268,7044,18,2168,12
4856,6,1024461,7024,18,2168,12
38974,374,5460098337504,102292,1106,63318,732
4852,6,532776,7020,18,2168,12
6148,10,1253376,8452,24,2304,14
4852,6,556830,7020,18,2168,12
4852,6,721934,7020,18,2168,12
372768,2694,3671074332276,564654,5382,191886,2688
4216,62,921918956615,8432,124,4216,62
4860,6,865821,7028,18,2168,12
4868,6,536553,7036,18,2168,12
4856,6,563543,7024,18,2168,12
5828,14,1322398,8238,32,2410,18
4872,6,2622531,7040,18,2168,12
4872,6,751233,7040,18,2168,12
4872,6,983110,7040,18,2168,12
4860,6,558684,6934,18,2074,12
29882,286,4200063472018,78668,850,48786,564
4876,6,574232,7044,18,2168,12
4860,6,558130,7028,18,2168,12
4868,6,813170,7036,18,2168,12
4860,6,539670,7028,18,2168,12
1239279,1303,5295168261173,6734593,3826,5495314,2523
4868,6,590371,7036,18,2168,12
28770,274,4080097891957,76172,822,47402,548
4856,6,556299,7024,18,2168,12
5836,14,1378299,8246,32,2410,18
4876,6,509592336,6950,18,2074,12
5820,14,1617689,8230,32,2410,18
4876,6,550064,6950,18,2074,12
6044,18,1616850,8454,36,2410,18
4872,6,908796,7040,18,2168,12
4868,6,552206,7036,18,2168,12
5924,16,963326,8198,32,2274,16
6160,10,1266980,8464,24,2304,14
5828,14,1533122,8238,32,2410,18
4856,6,538364,7024,18,2168,12
4868,6,582715,7036,18,2168,12
5820,14,510887888,8230,32,2410,18
4852,6,533388,7020,18,2168,12
4860,6,993649,7028,18,2168,12
4856,6,539411,7024,18,2168,12
4868,6,812688,7036,18,2168,12
5440,80,1198463137964,10880,160,5440,80
4868,6,535114,7036,18,2168,12
4852,6,662888,7020,18,2168,12
4852,6,580849,7020,18,2168,12
6164,10,1301486,8468,24,2304,14
56,1,753903,168,3,112,2
4876,6,531690,7044,18,2168,12
4868,6,575185,7036,18,2168,12
4852,6,537031,7020,18,2168,12
6036,18,1110517,8446,36,2410,18
4860,6,565905,6934,18,2074,12
4868,6,871374,7036,18,2168,12
4860,6,1008641,7028,18,2168,12
4872,6,856496,7040,18,2168,12
4852,6,552397,7020,18,2168,12
4868,6,568808,7036,18,2168,12
6164,10,3609799,8468,24,2304,14
4868,6,532840,7036,18,2168,12
4876,6,538379,7044,18,2168,12
4868,6,575047,7036,18,2168,12
4868,6,542146,7036,18,2168,12
1822546,1916,3885187970899,9889560,5618,8067014,3702
4860,6,554998,7028,18,2168,12
38864,380,5250589999376,99216,1076,60352,696
4856,6,529074,7024,18,2168,12
4860,6,808235,7028,18,2168,12
4876,6,500056534,6950,18,2074,12
4868,6,541127,7036,18,2168,12
182194,2552,3485690809348,532320,5112,350126,2560
4868,6,578387,7036,18,2168,12
4868,6,570725,7036,18,2168,12
4852,6,577677,7020,18,2168,12
4860,6,1081059,7028,18,2168,12
4868,6,886045,7036,18,2168,12
4856,6,1012866,7024,18,2168,12
4860,6,870546,7028,18,2168,12
28338,272,3959969608872,74220,802,45882,530
4876,6,531379,7044,18,2168,12
4872,6,871029,7040,18,2168,12
4872,6,536263,7040,18,2168,12
4852,6,551418,7020,18,2168,12
4856,6,511332183,7024,18,2168,12
4868,6,597288,7036,18,2168,12
4868,6,870728,7036,18,2168,12
5518,8,1223409,7686,20,2168,12
4872,6,1108137,7040,18,2168,12
24102,238,3180286796558,60580,658,36478,420
4872,6,546167,7040,18,2168,12
4876,6,525551,6950,18,2074,12
6152,10,1561605,8456,24,2304,14
4856,6,545538,7024,18,2168,12
4872,6,909565,7040,18,2168,12
6168,20,1783276,8714,40,2546,20
4860,6,555322,7028,18,2168,12
6152,10,2171406,8456,24,2304,14
4868,6,587722,7036,18,2168,12
4876,6,541587,7044,18,2168,12
4872,6,1019074,7040,18,2168,12
4856,6,563312,7024,18,2168,12
4868,6,576666,7036,18,2168,12
4856,6,574431,7024,18,2168,12
4868,6,574023,7036,18,2168,12
4852,6,546628,7020,18,2168,12
333568,2430,3309025943844,507022,4860,173454,2430
4852,6,567912,7020,18,2168,12
4868,6,832191,7036,18,2168,12
1450678,1532,3080047873953,7858990,4478,6408312,2946
5498,8,1139517,7778,22,2280,14
4868,6,550465,7036,18,2168,12
5506,8,1258034,7674,20,2168,12
4876,6,565592,6950,18,2074,12
161438,2262,3084672657636,477558,4528,316120,2266
4860,6,1058754,6934,18,2074,12
4872,6,527400,7040,18,2168,12
4868,6,794439,7036,18,2168,12
4872,6,1096042,7040,18,2168,12
187856,2632,3596186295295,548996,5272,361140,2640
4860,6,1051908,7028,18,2168,12
4856,6,545583,7024,18,2168,12
4868,6,1030873,7036,18,2168,12
6160,10,1070020,8464,24,2304,14
4856,6,840861,7024,18,2168,12
4852,6,819746,7020,18,2168,12
5924,16,986192,8198,32,2274,16
6052,18,1495196,8462,36,2410,18
4876,6,549507,7044,18,2168,12
5832,14,1390245,8242,32,2410,18
4860,6,591746,7028,18,2168,12
4872,6,860900,7040,18,2168,12
27424,264,3810080996501,71712,776,44288,512
4860,6,510217382,7028,18,2168,12
4868,6,1288418,7036,18,2168,12
4852,6,550115,7020,18,2168,12
5932,16,1839740,8206,32,2274,16
408,6,61184699773,816,12,408,6
4868,6,543187,7036,18,2168,12
4868,6,573136,7036,18,2168,12
25200,240,3570080080324,66720,720,41520,480
4872,6,550728,7040,18,2168,12
4868,6,574058,7036,18,2168,12
4872,6,1079306,7040,18,2168,12
4876,6,535484,7044,18,2168,12
1292653,1358,5520067973394,7026199,3989,5733546,2631
4872,6,784646,7040,18,2168,12
480136,3456,4711100763554,726428,6906,246292,3450
4868,6,532751,7036,18,2168,12
6284,12,1452157,8588,26,2304,14
4856,6,563153,7024,18,2168,12
4852,6,585881,7020,18,2168,12
4860,6,1074252,7028,18,2168,12
6152,10,1334483,8456,24,2304,14
5502,8,1284610,7782,22,2280,14
4860,6,860972,7028,18,2168,12
4868,6,981310,7036,18,2168,12
5948,16,1368746,8222,32,2274,16
4852,6,535495,7020,18,2168,12
4852,6,530552,7020,18,2168,12
532116,3830,5222108617995,805098,7654,272982,3824
27560,266,3810587541471,71712,776,44152,510
4876,6,540375,6950,18,2074,12
4860,6,533131,7028,18,2168,12
4876,6,1072741,7044,18,2168,12
5518,8,1215481,7686,20,2168,12
4856,6,563892,7024,18,2168,12
4852,6,531197,7020,18,2168,12
4852,6,609928,7020,18,2168,12
4852,6,588133,7020,18,2168,12
4860,6,578648,7028,18,2168,12
4860,6,981881,7028,18,2168,12
4868,6,540716,7036,18,2168,12
4872,6,809821,7040,18,2168,12
34712,332,4890078024484,91456,988,56744,656
4860,6,545336,6934,18,2074,12
4860,6,536538,6934,18,2074,12
4856,6,554865,7024,18,2168,12
4868,6,551976,7036,18,2168,12
4876,6,549076,7044,18,2168,12
43250,500,3720065330592,70316,762,27066,262
4852,6,1116757,7020,18,2168,12
25608,246,3570080126736,66992,724,41384,478
4876,6,552210,7044,18,2168,12
2176,32,460513906611,4352,64,2176,32
37246,366,4980571527274,94484,1026,57238,660
4876,6,525897,7044,18,2168,12
4856,6,551246,7024,18,2168,12
4868,6,520711,7036,18,2168,12
4856,6,538732,7024,18,2168,12
5940,16,2268879,8350,34,2410,18
5940,16,1423723,8214,32,2274,16
4860,6,811056,7028,18,2168,12
5948,16,1325687,8222,32,2274,16
6164,20,1672084,8710,40,2546,20
4868,6,563370,7036,18,2168,12
4868,6,796917,7036,18,2168,12
32373719,22372,5130590947499,180133439,42931,147759720,20559
4876,6,576741,7044,18,2168,12
5828,14,1470795,8238,32,2410,18
4872,6,778314,7040,18,2168,12
5828,14,1389696,8238,32,2410,18
4856,6,798108,7024,18,2168,12
4860,6,568097,6934,18,2074,12
4872,6,1194127,7040,18,2168,12
4876,6,582080,6950,18,2074,12
4852,6,541341,7020,18,2168,12
6160,10,1246651,8464,24,2304,14
4868,6,544451,7036,18,2168,12
1360,20,276034090281,2720,40,1360,20
31161554,21345,4940576268062,173442666,41098,142281112,19753
4868,6,524956,7036,18,2168,12
4868,6,605032,7036,18,2168,12
5828,14,526344017,8238,32,2410,18
27930,266,3959968472881,73948,798,46018,532
5832,14,1803049,8242,32,2410,18
5944,16,1456779,8354,34,2410,18
5506,8,658155,7786,22,2280,14
5924,16,1044474,8198,32,2274,16
34292,328,4830044870739,90344,976,56052,648
4876,6,534788,7044,18,2168,12
4872,6,896929,7040,18,2168,12
32538,312,4560096990651,85340,922,52802,610
4852,6,531512,7020,18,2168,12
4868,6,579897,7036,18,2168,12
4868,6,906211,7036,18,2168,12
4860,6,864678,7028,18,2168,12
4852,6,539235,7020,18,2168,12
4876,6,533935,7044,18,2168,12
4852,6,545899,7020,18,2168,12
23052,228,3030050412367,57800,628,34748,400
398708,2870,3910045892876,603562,5740,204854,2870
5828,14,1493942,8238,32,2410,18
4856,6,553383,7024,18,2168,12
4856,6,563862,7024,18,2168,12
181304,2540,3475680713626,534554,5092,353250,2552
4852,6,1181759,7020,18,2168,12
4868,6,846267,7036,18,2168,12
6160,10,1123376,8464,24,2304,14
4856,6,541490,7024,18,2168,12
33860,326,4710587482617,88392,956,54532,630
92,1,33748,184,2,92,1
4860,6,791905,7028,18,2168,12
4868,6,528793,7036,18,2168,12
4876,6,529677,7044,18,2168,12
5828,14,1395179,8238,32,2410,18
4876,6,534142,6950,18,2074,12
6052,18,1449189,8462,36,2410,18
22594,218,3120096342903,58924,638,36330,420
4852,6,541349,7020,18,2168,12
4868,6,642960,7036,18,2168,12
4856,6,531679,7024,18,2168,12
4860,6,546525,6934,18,2074,12
4872,6,851722,7040,18,2168,12
4868,6,878756,7036,18,2168,12
4872,6,845733,7040,18,2168,12
4872,6,1004616,7040,18,2168,12
4868,6,537471,7036,18,2168,12
5948,16,1504549,8222,32,2274,16
4872,6,1012403,7040,18,2168,12
26548,262,3510557735718,66832,726,40284,464
37380,356,5310555832787,98968,1068,61588,712
4868,6,557587,7036,18,2168,12
4868,6,540223,7036,18,2168,12
4872,6,1043706,7040,18,2168,12
4876,6,1833749,6950,18,2074,12
6052,18,1565494,8462,36,2410,18
4852,6,541321,7020,18,2168,12
4868,6,930618,7036,18,2168,12
5948,16,1339848,8222,32,2274,16
5522,8,705501,7708,22,2186,14
4876,6,534931,7044,18,2168,12
4876,6,519626422,7044,18,2168,12
4852,6,536800,7020,18,2168,12
6148,10,1074205,8452,24,2304,14
4868,6,582517,7036,18,2168,12
4868,6,545915,7036,18,2168,12
4860,6,983843,7028,18,2168,12
4876,6,529982,7044,18,2168,12
34292,328,4830046419790,90344,976,56052,648
4868,6,1087006,7036,18,2168,12
4852,6,561456,7020,18,2168,12
4868,6,579897,7036,18,2168,12
4868,6,1079341,7036,18,2168,12
56,1,649760,168,3,112,2
4868,6,559247,7036,18,2168,12
5836,14,1395729,8246,32,2410,18
4868,6,595772,7036,18,2168,12
26202,258,3480064908635,66140,718,39938,460
56,1,509341057,168,3,112,2
4868,6,556503,7036,18,2168,12
4852,6,551835,7020,18,2168,12
4860,6,873956,7028,18,2168,12
5514,8,743772,7794,22,2280,14
4872,6,580102,7040,18,2168,12
6036,18,3021667,8446,36,2410,18
4856,6,544869,7024,18,2168,12
6152,20,1753840,8698,40,2546,20
56,1,393608,168,3,112,2
5836,14,1504724,8246,32,2410,18
6148,10,1409764,8452,24,2304,14
4876,6,584720,6950,18,2074,12
35700,340,5070080140117,94520,1020,58820,680
4872,6,764918,7040,18,2168,12
4876,6,554788,7044,18,2168,12
32884,316,4590080693477,86168,932,53284,616
6160,10,1260184,8464,24,2304,14
1492138,1574,3170062228360,8085982,4604,6593844,3030
4868,6,532056,7036,18,2168,12
537220,3882,5293635478785,813886,7758,276666,3876
5820,14,1326168,8230,32,2410,18
4860,6,531909,6934,18,2074,12
5518,8,1211446,7798,22,2280,14
4856,6,537229,7024,18,2168,12
5522,8,655369,7802,22,2280,14
3128,46,675902978436,6256,92,3128,46
4872,6,853033,7040,18,2168,12
5932,16,1527388,8206,32,2274,16
4860,6,543578,7028,18,2168,12
5518,8,1319496,7798,22,2280,14
5506,8,1059326,7674,20,2168,12
35404,340,4950081368917,92840,1004,57436,664
5940,16,1410709,8214,32,2274,16
4876,6,543443,7044,18,2168,12
4876,6,550299,7044,18,2168,12
4872,6,838366,7040,18,2168,12
4868,6,556810,7036,18,2168,12
4860,6,989665,7028,18,2168,12
4856,6,537653,7024,18,2168,12
6152,10,507113938,8456,24,2304,14
6036,18,1124070,8446,36,2410,18
4876,6,565403,6950,18,2074,12
5502,8,1505134,7670,20,2168,12
5940,16,1355922,8214,32,2274,16
4860,6,995142,7028,18,2168,12
4860,6,535058,7028,18,2168,12
4876,6,544452,7044,18,2168,12
4860,6,865443,7028,18,2168,12
6164,10,1379323,8468,24,2304,14
27288,262,3810081051233,71440,772,44152,510
4868,6,579930,7036,18,2168,12
5944,16,1352080,8218,32,2274,16
5928,16,1403725,8202,32,2274,16
4852,6,909692,7020,18,2168,12
4860,6,871032,7028,18,2168,12
4876,6,597176,6950,18,2074,12
4876,6,535879,7044,18,2168,12
4868,6,586464,7036,18,2168,12
24126,234,3300571299495,62260,674,38134,440
25114,242,3480064932347,65596,710,40482,468
4876,6,585610,6950,18,2074,12
5932,16,1344641,8206,32,2274,16
4868,6,575506,7036,18,2168,12
4872,6,898126,7040,18,2168,12
234004,3278,4477212915248,683440,6564,449436,3286
4868,6,559602,7036,18,2168,12
4852,6,553486,7020,18,2168,12
4876,6,534302,6950,18,2074,12
4876,6,552417,7044,18,2168,12
5518,8,1217169,7686,20,2168,12
4872,6,859656,7040,18,2168,12
6164,10,1352832,8332,22,2168,12
5836,14,1548731,8246,32,2410,18
4860,6,789505,7028,18,2168,12
23508,226,3270112166394,61432,664,37924,438
56,1,510015625,168,3,112,2
5820,14,1389375,8230,32,2410,18
4868,6,1005555,7036,18,2168,12
4876,6,546170,7044,18,2168,12
4868,6,579126,7036,18,2168,12
34502,330,4860098488237,90900,982,56398,652
4872,6,996578,7040,18,2168,12
4868,6,797341,7036,18,2168,12
5940,16,1506717,8214,32,2274,16
4872,6,824713,7040,18,2168,12
4868,6,1016525,7036,18,2168,12
5940,16,512174965,8214,32,2274,16
4868,6,528639,7036,18,2168,12
5832,14,1521755,8242,32,2410,18
4868,6,847133,7036,18,2168,12
4856,6,573873,7024,18,2168,12
5940,16,1391557,8214,32,2274,16
4872,6,977093,7040,18,2168,12
6052,18,1607525,8462,36,2410,18
4860,6,536992,6934,18,2074,12
5828,14,1789239,8238,32,2410,18
6148,10,1319058,8452,24,2304,14
2448,36,522305411748,4896,72,2448,36
5924,16,1193010,8198,32,2274,16
4872,6,844615,7040,18,2168,12
4856,6,552439,7024,18,2168,12
4868,6,539487,7036,18,2168,12
4868,6,1018881,7036,18,2168,12
4868,6,793650,7036,18,2168,12
4876,6,888924,6950,18,2074,12
4872,6,897144,7040,18,2168,12
5948,16,1568359,8222,32,2274,16
4852,6,556728,7020,18,2168,12
4868,6,816634,7036,18,2168,12
4852,6,551645,7020,18,2168,12
4872,6,1153915,7040,18,2168,12
4876,6,1084604,6950,18,2074,12
4860,6,551753,6934,18,2074,12
5514,8,1201073,7682,20,2168,12
5506,8,1014588,7786,22,2280,14
4872,6,902474,7040,18,2168,12
4868,6,1095816,7036,18,2168,12
4868,6,586712,7036,18,2168,12
4860,6,544000,6934,18,2074,12
4868,6,542106,7036,18,2168,12
4856,6,537337,7024,18,2168,12
4868,6,551080,7036,18,2168,12
519782,3786,5162270314332,789624,7566,269842,3780
4872,6,552390,7040,18,2168,12
4852,6,574200,7020,18,2168,12
5932,16,1377458,8206,32,2274,16
4868,6,868555,7036,18,2168,12
37862,362,5340096408585,99796,1078,61934,716
1224,18,245505023053,2448,36,1224,18
4868,6,551118,7036,18,2168,12
4868,6,566888,7036,18,2168,12
4876,6,571720,7044,18,2168,12
4876,6,505859276,7044,18,2168,12
4876,6,521235,6950,18,2074,12
5832,14,1330011,8242,32,2410,18
4872,6,772619,7040,18,2168,12
5924,16,976498,8198,32,2274,16
4860,6,1127356,6934,18,2074,12
5832,14,1810975,8242,32,2410,18
4856,6,1416772,7024,18,2168,12
4868,6,968919,7036,18,2168,12
34144,328,4770082478166,89504,968,55360,640
4868,6,617587,7036,18,2168,12
4856,6,551264,7024,18,2168,12
3808,56,829504104341,7616,112,3808,56
4876,6,549356,6950,18,2074,12
4868,6,551026,7036,18,2168,12
1904,28,399105417567,3808,56,1904,28
5924,16,980094,8198,32,2274,16
4872,6,957962,7040,18,2168,12
4868,6,754480,7036,18,2168,12
1088,16,215391958688,2176,32,1088,16
4876,6,541341,6950,18,2074,12
4868,6,553296,7036,18,2168,12
14227450,87518,3129344015987,22941736,175036,8714286,87518
4876,6,551185,6950,18,2074,12
24002,230,3360096534134,63100,682,39098,452
4860,6,801546,7028,18,2168,12
6288,12,510762931,8592,26,2304,14
4860,6,556261,7028,18,2168,12
4860,6,544449,6934,18,2074,12
4872,6,844190,7040,18,2168,12
4868,6,771557,7036,18,2168,12
4856,6,551508,7024,18,2168,12
4856,6,824482,7024,18,2168,12
4868,6,561792,7036,18,2168,12
4872,6,1618804,7040,18,2168,12
4860,6,558481,7028,18,2168,12
4860,6,720861,7028,18,2168,12
31352,300,4410047306243,82560,892,51208,592
4868,6,869661,7036,18,2168,12
4876,6,528592,7044,18,2168,12
4852,6,558430,7020,18,2168,12
4868,6,548751,7036,18,2168,12
4856,6,871774,7024,18,2168,12
4852,6,904056,7020,18,2168,12
4856,6,1014314,7024,18,2168,12
4868,6,545438,7036,18,2168,12
4876,6,537351,7044,18,2168,12
4868,6,847917,7036,18,2168,12
4868,6,812197,7036,18,2168,12
4876,6,720277,7044,18,2168,12
1190457,1253,5085184062566,6467880,3677,5277423,2424
5518,8,1032521,7686,20,2168,12
4876,6,648081,6950,18,2074,12
4856,6,576136,7024,18,2168,12
4876,6,538926,7044,18,2168,12
38134,366,5340096396261,100068,1082,61934,716
484630,3530,4811583409911,736176,7054,251546,3524
4852,6,534406,7020,18,2168,12
5032,74,1105921290439,10064,148,5032,74
5828,14,1511347,8238,32,2410,18
6040,18,1521159,8450,36,2410,18
4876,6,509364055,7044,18,2168,12
4856,6,942425,7024,18,2168,12
4856,6,562552,7024,18,2168,12
5816,14,1371484,8226,32,2410,18
4868,6,573374,7036,18,2168,12
4868,6,571768,7036,18,2168,12
4856,6,873416,7024,18,2168,12
4868,6,545866,7036,18,2168,12
6148,20,1864702,8694,40,2546,20
4872,6,780085,7040,18,2168,12
4876,6,543425,7044,18,2168,12
4868,6,510031124,7036,18,2168,12
2040,30,430112151467,4080,60,2040,30
4860,6,529807,7028,18,2168,12
4860,6,541146,7028,18,2168,12
4876,6,534788,6950,18,2074,12
5944,16,1536284,8354,34,2410,18
6060,18,1616021,8470,36,2410,18
4852,6,575635,7020,18,2168,12
4868,6,507321512,7036,18,2168,12
5498,8,629260,7666,20,2168,12
5948,16,1562444,8358,34,2410,18
26250,250,3720061647217,69500,750,43250,500
5828,14,2569688,8238,32,2410,18
4860,6,707290,6934,18,2074,12
4868,6,537421,7036,18,2168,12
5932,16,1675162,8206,32,2274,16
4868,6,576350,7036,18,2168,12
4872,6,1126170,7040,18,2168,12
4876,6,671644,7044,18,2168,12
4856,6,1034666,7024,18,2168,12
4872,6,850858,7040,18,2168,12
4868,6,830121,7036,18,2168,12
4860,6,542090,7028,18,2168,12
112,2,1021302967,248,4,136,2
4868,6,533570,7036,18,2168,12
4868,6,797340,7036,18,2168,12
4876,6,534184,7044,18,2168,12
1904,28,399490680216,3808,56,1904,28
6160,10,1159587,8464,24,2304,14
4860,6,547414,7028,18,2168,12
4876,6,509886028,7044,18,2168,12
4856,6,572962,7024,18,2168,12
4872,6,533194,7040,18,2168,12
4860,6,542090,7028,18,2168,12
4860,6,620204,7028,18,2168,12
4868,6,571684,7036,18,2168,12
4868,6,842135,7036,18,2168,12
4860,6,529179,7028,18,2168,12
4856,6,546028,7024,18,2168,12
5506,8,658155,7786,22,2280,14
4868,6,789880,7036,18,2168,12
31080,296,4410555572024,82288,888,51208,592
5928,16,1387747,8202,32,2274,16
4856,6,559348,7024,18,2168,12
4876,6,552665,6950,18,2074,12
6052,18,1789566,8462,36,2410,18
4852,6,570523,7020,18,2168,12
4868,6,644996,7036,18,2168,12
6152,20,1660841,8698,40,2546,20
4868,6,819663,7036,18,2168,12
4868,6,625187,7036,18,2168,12
6148,10,1478076,8316,22,2168,12
5518,8,907736,7686,20,2168,12
4860,6,509938639,7028,18,2168,12
92,1,33729,184,2,92,1
4876,6,575399,7044,18,2168,12
4872,6,1556860,7040,18,2168,12
4860,6,863017,7028,18,2168,12
1632,24,337956654699,3264,48,1632,24
520884,3764,5133664697418,789156,7522,268272,3758
4856,6,789056,7024,18,2168,12
5498,8,695644,7778,22,2280,14
4872,6,2230327,7040,18,2168,12
4872,6,949225,7040,18,2168,12
4876,6,550088,6950,18,2074,12
4868,6,562273,7036,18,2168,12
4856,6,803300,7024,18,2168,12
56,1,37907,112,2,56,1
4868,6,1051797,7036,18,2168,12
6036,18,1487302,8446,36,2410,18
5828,14,1377712,8238,32,2410,18
4868,6,538993,7036,18,2168,12
6040,18,1635055,8450,36,2410,18
272,4,30467576480,544,8,272,4
170314,2386,3265190666419,502244,4784,331930,2398
4856,6,551151,7024,18,2168,12
4872,6,552448,7040,18,2168,12
4852,6,557978,7020,18,2168,12
5828,14,1363510,8238,32,2410,18
4876,6,1086927,7044,18,2168,12
4876,6,553467,7044,18,2168,12
285468,4000,5458521906141,844058,8004,558590,4004
4872,6,550728,7040,18,2168,12
5836,14,1366746,8246,32,2410,18
4856,6,584105,7024,18,2168,12
33724,324,4710080243682,88392,956,54668,632
4868,6,846657,7036,18,2168,12
5940,16,1567904,8214,32,2274,16
4860,6,572411,7028,18,2168,12
32180,310,4470556611532,83944,908,51764,598
4868,6,864314,7036,18,2168,12
4876,6,534302,6950,18,2074,12
4856,6,561668,7024,18,2168,12
4852,6,594056,7020,18,2168,12
5924,16,1224376,8198,32,2274,16
5832,14,1397906,8242,32,2410,18
4868,6,2234799,7036,18,2168,12
4872,6,1038591,7040,18,2168,12
4872,6,566436,7040,18,2168,12
6168,20,1759657,8714,40,2546,20
4852,6,538807,7020,18,2168,12
4852,6,547078,7020,18,2168,12
4872,6,834346,7040,18,2168,12
498528,3602,4913121447893,755192,7198,256664,3596
4852,6,549750,7020,18,2168,12
4872,6,990199,7040,18,2168,12
4876,6,561635,6950,18,2074,12
5932,16,1556232,8206,32,2274,16
4868,6,567030,7036,18,2168,12
4852,6,702487,7020,18,2168,12
4852,6,580389,7020,18,2168,12
4860,6,558882,7028,18,2168,12
4872,6,1739151,7040,18,2168,12
4852,6,862993,7020,18,2168,12
4872,6,539044,7040,18,2168,12
4856,6,593313,7024,18,2168,12
5816,14,1586006,8226,32,2410,18
56,1,34689,112,2,56,1
4876,6,549356,6950,18,2074,12
5928,16,1371681,8202,32,2274,16
4860,6,858430,7028,18,2168,12
6052,18,1482566,8462,36,2410,18
4868,6,817795,7036,18,2168,12
36528,350,5130084169366,95904,1036,59376,686
3536,52,767937164728,7072,104,3536,52
4868,6,546846,7036,18,2168,12
4856,6,572135,7024,18,2168,12
4852,6,552294,7020,18,2168,12
4860,6,932224,7028,18,2168,12
212222,2974,4056192926932,627676,5952,415454,2978
4868,6,842787,7036,18,2168,12
4852,6,556830,7020,18,2168,12
4856,6,510374107,7024,18,2168,12
4876,6,664185,6950,18,2074,12
4852,6,544138,7020,18,2168,12
4852,6,597402,7020,18,2168,12
92,1,587892,184,2,92,1
35120,338,4890587454515,91728,992,56608,654
28858,284,3840571275067,73084,794,44226,510
4868,6,1096696,7036,18,2168,12
4852,6,1028810,7020,18,2168,12
4868,6,570763,7036,18,2168,12
5828,14,1388680,8238,32,2410,18
4852,6,580940,7020,18,2168,12
4860,6,1013457,7028,18,2168,12
4872,6,844190,7040,18,2168,12
4860,6,860825,7028,18,2168,12
33934,326,4740063650877,88948,962,55014,636
4872,6,824713,7040,18,2168,12
4876,6,509975045,6950,18,2074,12
4856,6,542458,7024,18,2168,12
5502,8,697238,7782,22,2280,14
6040,18,1460209,8450,36,2410,18
6056,18,3276635,8466,36,2410,18
1632,24,337854793140,3264,48,1632,24
5924,16,1053210,8334,34,2410,18
92,1,30231,184,2,92,1
25114,242,3480096728020,65596,710,40482,468
4876,6,555633,6950,18,2074,12
32070,316,4260571480959,81004,880,48934,564
4852,6,529930,7020,18,2168,12
4852,6,588875,7020,18,2168,12
4852,6,539602,7020,18,2168,12
4876,6,1375100,6950,18,2074,12
4872,6,995502,7040,18,2168,12
4868,6,569077,7036,18,2168,12
4852,6,660867,7020,18,2168,12
4876,6,534800,7044,18,2168,12
6164,10,1804245,8468,24,2304,14
27746,272,3720571274369,70588,766,42842,494
5940,16,1398978,8214,32,2274,16
4852,6,656104,7020,18,2168,12
4868,6,551883,7036,18,2168,12
4852,6,1149023,7020,18,2168,12
4868,6,789925,7036,18,2168,12
6152,10,1402711,8456,24,2304,14
4872,6,866345,7040,18,2168,12
4852,6,553076,7020,18,2168,12
6036,18,1340869,8446,36,2410,18
5940,16,1924345,8214,32,2274,16
6040,18,1601983,8450,36,2410,18
34008,326,4770082472000,89232,964,55224,638
4856,6,1070372,7024,18,2168,12
5948,16,1493093,8222,32,2274,16
4876,6,541846,7044,18,2168,12
4856,6,878455,7024,18,2168,12
6160,10,1287232,8328,22,2168,12
4868,6,545451,7036,18,2168,12
4868,6,543701,7036,18,2168,12
5502,8,1239684,7670,20,2168,12
4868,6,1334581,7036,18,2168,12
4872,6,1029369,7040,18,2168,12
6056,18,3846513,8466,36,2410,18
4876,6,1130101,7044,18,2168,12
4856,6,575263,7024,18,2168,12
4876,6,557653,6950,18,2074,12
4868,6,560876,7036,18,2168,12
6152,10,1376921,8456,24,2304,14
4872,6,855102,7040,18,2168,12
4868,6,548554,7036,18,2168,12
4852,6,569345,7020,18,2168,12
4860,6,851224,7028,18,2168,12
4872,6,878461,7040,18,2168,12
4868,6,617587,7036,18,2168,12
34070,328,4740571951407,88948,962,54878,634
4868,6,551014,7036,18,2168,12
4856,6,1118789,7024,18,2168,12
5940,16,1649067,8214,32,2274,16
4852,6,1149039,7020,18,2168,12
56,1,37646,112,2,56,1
4872,6,1183858,7040,18,2168,12
4872,6,830792,7040,18,2168,12
4868,6,996453,7036,18,2168,12
56,1,67132,168,3,112,2
5828,14,1384237,8238,32,2410,18
4852,6,534406,7020,18,2168,12
6164,10,1136677,8468,24,2304,14
4860,6,582275,6934,18,2074,12
6040,18,1487638,8450,36,2410,18
6160,10,1234771,8464,24,2304,14
56,1,1782834,168,3,112,2
56,1,43870,112,2,56,1
21210,202,3000096532712,56156,606,34946,404
4856,6,511226191,7024,18,2168,12
4876,6,546971,7044,18,2168,12
5948,16,1619891,8222,32,2274,16
4868,6,1112232,7036,18,2168,12
5948,16,1729499,8358,34,2410,18
4852,6,878371,7020,18,2168,12
5944,16,1511256,8218,32,2274,16
4852,6,1282822,7020,18,2168,12
4868,6,563834,7036,18,2168,12
6160,10,1275114,8464,24,2304,14
4856,6,577895,7024,18,2168,12
4868,6,587770,7036,18,2168,12
4856,6,994387,7024,18,2168,12
4868,6,796842,7036,18,2168,12
4860,6,543296,7028,18,2168,12
35700,340,5070080192620,94520,1020,58820,680
6040,18,1496162,8450,36,2410,18
4868,6,542146,7036,18,2168,12
4872,6,529307,7040,18,2168,12
4868,6,802374,7036,18,2168,12
4868,6,574023,7036,18,2168,12
4860,6,536538,6934,18,2074,12
6164,10,1306673,8468,24,2304,14
4852,6,552611,7020,18,2168,12
4868,6,904123,7036,18,2168,12
4872,6,1092614,7040,18,2168,12
5948,16,1337448,8222,32,2274,16
4868,6,641320,7036,18,2168,12
4872,6,881395,7040,18,2168,12
4876,6,572325,6950,18,2074,12
4868,6,583168,7036,18,2168,12
4868,6,807972,7036,18,2168,12
31550,304,4380571451140,82276,890,50726,586
4856,6,510069059,7024,18,2168,12
4868,6,818188,7036,18,2168,12
4872,6,576411,7040,18,2168,12
6164,20,1622074,8710,40,2546,20
4860,6,578131,6934,18,2074,12
4868,6,788864,7036,18,2168,12
4868,6,792018,7036,18,2168,12
4868,6,870728,7036,18,2168,12
5948,16,1417306,8358,34,2410,18
25152,248,3330048565102,63360,688,38208,440
4868,6,801441,7036,18,2168,12
6052,18,1680665,8462,36,2410,18
4868,6,1800264,7036,18,2168,12
4872,6,994115,7040,18,2168,12
5940,16,1327483,8214,32,2274,16
4852,6,539090,7020,18,2168,12
56,1,34689,112,2,56,1
4868,6,600268,7036,18,2168,12
4852,6,536054,7020,18,2168,12
534888,3896,5312104767222,812580,7786,277692,3890
4852,6,569646,7020,18,2168,12
4876,6,537931,6950,18,2074,12
24002,230,3360097343307,63100,682,39098,452
4868,6,689922,7036,18,2168,12
5948,16,1401293,8222,32,2274,16
5832,14,1447368,8242,32,2410,18
4868,6,550855,7036,18,2168,12
5928,16,1419003,8338,34,2410,18
4868,6,539914,7036,18,2168,12
4868,6,579349,7036,18,2168,12
92,1,33117,184,2,92,1
4876,6,531817,7044,18,2168,12
29330925,19818,4650592329671,163333471,38384,134002546,18566
4860,6,532789,7028,18,2168,12
4860,6,531752,7028,18,2168,12
4868,6,539391,7036,18,2168,12
4860,6,898204,7028,18,2168,12
4856,6,591919,7024,18,2168,12
4868,6,840656,7036,18,2168,12
4868,6,729247,7036,18,2168,12
5924,16,963326,8198,32,2274,16
4860,6,529179,7028,18,2168,12
4876,6,539039,7044,18,2168,12
5944,16,1569483,8218,32,2274,16
4856,6,552439,7024,18,2168,12
4856,6,829980,7024,18,2168,12
4852,6,543618,7020,18,2168,12
4872,6,819257,7040,18,2168,12
4868,6,754328,7036,18,2168,12
24990,238,3540192460735,66164,714,41174,476
27362,262,3840063871598,71996,778,44634,516
92,1,354695,184,2,92,1
4868,6,554106,7036,18,2168,12
4856,6,810561,7024,18,2168,12
4872,6,571024,7040,18,2168,12
4868,6,526610,7036,18,2168,12
4856,6,951261,7024,18,2168,12
4876,6,556828,7044,18,2168,12
30674,302,4080573640938,77532,842,46858,540
21692,208,3030080365377,56984,616,35292,408
5940,16,1522762,8214,32,2274,16
4868,6,568808,7036,18,2168,12
6060,18,1495560,8470,36,2410,18
4852,6,585931,7020,18,2168,12
4860,6,548235,6934,18,2074,12
4876,6,543086,6950,18,2074,12
4860,6,535057,6934,18,2074,12
4872,6,988738,7040,18,2168,12
4872,6,512530632,7040,18,2168,12
5820,14,1359622,8230,32,2410,18
56,1,51922,116,2,60,1
4872,6,1332572,7040,18,2168,12
35194,338,4920096172385,92284,998,57090,660
4852,6,503332281,7020,18,2168,12
4852,6,1103876,7020,18,2168,12
4852,6,572202,7020,18,2168,12
6044,18,1554318,8454,36,2410,18
4868,6,661416,7036,18,2168,12
4872,6,866102,7040,18,2168,12
4852,6,533768,7020,18,2168,12
32674,314,4560032830924,85612,926,52938,612
5944,16,1499164,8218,32,2274,16
4868,6,587532,7036,18,2168,12
35280,336,5010555827838,93408,1008,58128,672
4868,6,1004601,7036,18,2168,12
4852,6,545133,7020,18,2168,12
4868,6,548230,7036,18,2168,12
4856,6,1192119,7024,18,2168,12
5816,14,1668075,8226,32,2410,18
4868,6,836269,7036,18,2168,12
5940,16,1478480,8214,32,2274,16
4860,6,526202,7028,18,2168,12
5940,16,1396516,8214,32,2274,16
4856,6,565537,7024,18,2168,12
4860,6,545474,7028,18,2168,12
6060,18,1651194,8470,36,2410,18
4876,6,522520,7044,18,2168,12
4852,6,565365,7020,18,2168,12
4868,6,534999,7036,18,2168,12
26164,252,3630080235087,68376,740,42212,488
4852,6,558501,7020,18,2168,12
4872,6,549769,7040,18,2168,12
4852,6,545110,7020,18,2168,12
4856,6,511587700,7024,18,2168,12
4868,6,865795,7036,18,2168,12
6164,10,1374500,8468,24,2304,14
4852,6,538341,7020,18,2168,12
6044,18,1563827,8454,36,2410,18
4852,6,547400,7020,18,2168,12
4852,6,758361,7020,18,2168,12
4876,6,535399,7044,18,2168,12
6044,18,1455247,8454,36,2410,18
4872,6,802649,7040,18,2168,12
5828,14,511017761,8238,32,2410,18
4876,6,509592336,6950,18,2074,12
4872,6,531453,7040,18,2168,12
5944,16,1487909,8490,36,2546,20
5828,14,1540692,8238,32,2410,18
22322,214,3120127520698,58652,634,36330,420
5924,16,1030016,8334,34,2410,18
4856,6,571005,7024,18,2168,12
1360,20,276574909769,2720,40,1360,20
4868,6,593868,7036,18,2168,12
4868,6,543593,7036,18,2168,12
4856,6,983620,7024,18,2168,12
4868,6,848109,7036,18,2168,12
4860,6,533806,6934,18,2074,12
5940,16,1455495,8350,34,2410,18
4876,6,548576,7044,18,2168,12
4868,6,563402,7036,18,2168,12
5940,16,1389692,8214,32,2274,16
4876,6,534355,6950,18,2074,12
4852,6,545305,7020,18,2168,12
4868,6,836493,7036,18,2168,12
4856,6,542969,7024,18,2168,12
4868,6,851781,7036,18,2168,12
4868,6,589777,7036,18,2168,12
5816,14,1372998,8226,32,2410,18
4872,6,861146,7040,18,2168,12
4868,6,556723,7036,18,2168,12
4876,6,562388,7044,18,2168,12
4852,6,538576,7020,18,2168,12
4872,6,525234,7040,18,2168,12
22940,222,3150556389525,59480,644,36540,422
22953634,141194,5049279645249,37012516,282388,14058882,141194
2720,40,583458266427,5440,80,2720,40
4856,6,831120,7024,18,2168,12
4856,6,540257,7024,18,2168,12
4856,6,846980,7024,18,2168,12
1496,22,307424558826,2992,44,1496,22
4860,6,574314,7028,18,2168,12
4852,6,774768,7020,18,2168,12
4856,6,906935,7024,18,2168,12
37294,358,5220096454286,97844,1058,60550,700
4872,6,807037,7040,18,2168,12
6036,18,1115444,8446,36,2410,18
4860,6,1289669,7028,18,2168,12
5820,14,1381543,8230,32,2410,18
5836,14,1348817,8246,32,2410,18
4856,6,511503577,7024,18,2168,12
4868,6,570897,7036,18,2168,12
2992,44,644895549023,5984,88,2992,44
4872,6,632447,7040,18,2168,12
4876,6,534142,6950,18,2074,12
4852,6,543838,7020,18,2168,12
4872,6,1131720,7040,18,2168,12
5440,80,1198430114423,10880,160,5440,80
4868,6,767527,7036,18,2168,12
4868,6,793720,7036,18,2168,12
4868,6,853898,7036,18,2168,12
23472,232,3090049648453,58912,640,35440,408
5498,8,663124,7778,22,2280,14
4872,6,842646,7040,18,2168,12
4860,6,552311,7028,18,2168,12
28784,284,3810082202256,72528,788,43744,504
4872,6,778314,7040,18,2168,12
4856,6,853095,7024,18,2168,12
5514,8,1060908,7794,22,2280,14
4868,6,539042,7036,18,2168,12
21840,208,3090048961999,57824,624,35984,416
4876,6,543418,6950,18,2074,12
4872,6,813589,7040,18,2168,12
4868,6,1015459,7036,18,2168,12
38702,370,5460100276321,102020,1102,63318,732
4856,6,804757,7024,18,2168,12
4872,6,908967,7040,18,2168,12
37368,432,3209984822247,60864,660,23496,228
4876,6,587024,6950,18,2074,12
4852,6,551040,7020,18,2168,12
4852,6,539708,7020,18,2168,12
4856,6,591353,7024,18,2168,12
4868,6,1164413,7036,18,2168,12
6044,18,1626951,8454,36,2410,18
5514,8,678051,7794,22,2280,14
4872,6,996615,7040,18,2168,12
6040,18,1595337,8450,36,2410,18
28140,268,3990491809606,74504,804,46364,536
4868,6,834989,7036,18,2168,12
4856,6,2228272,7024,18,2168,12
4856,6,835454,7024,18,2168,12
4876,6,543966,7044,18,2168,12
4856,6,793765,7024,18,2168,12
4876,6,552825,6950,18,2074,12
551990,4020,5482624993845,838484,8034,286494,4014
4868,6,579780,7036,18,2168,12
5940,16,1338336,8214,32,2274,16
25534,246,3540064896216,66708,722,41174,476
4852,6,589794,7020,18,2168,12
5932,16,1344343,8206,32,2274,16
6144,10,1876345,8448,24,2304,14
4868,6,543304,7036,18,2168,12
4856,6,1112445,7024,18,2168,12
4856,6,544166,7024,18,2168,12
4852,6,932398,7020,18,2168,12
4860,6,638554,7028,18,2168,12
4856,6,1001042,7024,18,2168,12
5964,16,1647251,8132,32,2168,16
4876,6,550846,7044,18,2168,12
3128,46,675904959348,6256,92,3128,46
6060,18,1469649,8470,36,2410,18
4860,6,552977,7028,18,2168,12
5820,14,1326168,8230,32,2410,18
6036,18,1380662,8446,36,2410,18
5828,14,1411468,8238,32,2410,18
4876,6,550993,7044,18,2168,12
4868,6,540089,7036,18,2168,12
4852,6,542321,7020,18,2168,12
4868,6,818602,7036,18,2168,12
6160,10,1444866,8464,24,2304,14
27004,260,3750047832825,70600,764,43596,504
4860,6,538729,6934,18,2074,12
4876,6,543063,6950,18,2074,12
4872,6,538583,7040,18,2168,12
4868,6,550552,7036,18,2168,12
523904,3816,5202080951347,795860,7626,271956,3810
5832,14,1783332,8242,32,2410,18
6168,10,735885,8472,24,2304,14
5506,8,663859,7692,22,2186,14
4876,6,543959,7044,18,2168,12
4868,6,792881,7036,18,2168,12
4856,6,531742,7024,18,2168,12
4876,6,532213,7044,18,2168,12
4860,6,544846,6934,18,2074,12
4868,6,853197,7036,18,2168,12
5514,8,1394552,7794,22,2280,14
4856,6,524375,7024,18,2168,12
4852,6,509639252,7020,18,2168,12
4868,6,555956,7036,18,2168,12
4868,6,874442,7036,18,2168,12
5924,16,1330613,8198,32,2274,16
5506,8,692868,7692,22,2186,14
221988,3110,4247225745046,648444,6228,426456,3118
4852,6,530341,7020,18,2168,12
5928,16,1367090,8202,32,2274,16
4868,6,814982,7036,18,2168,12
4872,6,822394,7040,18,2168,12
4856,6,845325,7024,18,2168,12
4868,6,571611,7036,18,2168,12
4856,6,886472,7024,18,2168,12
5928,16,1484415,8338,34,2410,18
4856,6,541269,7024,18,2168,12
4856,6,563510,7024,18,2168,12
4860,6,557652,6934,18,2074,12
4868,6,537626,7036,18,2168,12
4868,6,547490,7036,18,2168,12
4860,6,888757,7028,18,2168,12
4868,6,542366,7036,18,2168,12
5518,8,1135180,7798,22,2280,14
4876,6,536839,6950,18,2074,12
4860,6,746701,7028,18,2168,12
4868,6,877125,7036,18,2168,12
6296,12,1690899,8600,26,2304,14
4852,6,541594,7020,18,2168,12
30784,296,4290080163993,80608,872,49824,576
4868,6,823449,7036,18,2168,12
4876,6,537736,7044,18,2168,12
4856,6,820215,7024,18,2168,12
4868,6,564222,7036,18,2168,12
4852,6,540666,7020,18,2168,12
4876,6,543959,7044,18,2168,12
4860,6,535057,6934,18,2074,12
4868,6,805507,7036,18,2168,12
5828,14,1338331,8238,32,2410,18
4852,6,852263,7020,18,2168,12
4872,6,849858,7040,18,2168,12
6052,18,2268913,8462,36,2410,18
4876,6,532692,7044,18,2168,12
5514,8,860540,7682,20,2168,12
4852,6,769702,7020,18,2168,12
4868,6,975762,7036,18,2168,12
5940,16,2015547,8214,32,2274,16
5816,14,508284079,8226,32,2410,18
5836,14,1371891,8246,32,2410,18
6148,10,1242312,8452,24,2304,14
4868,6,1096154,7036,18,2168,12
6060,18,1568590,8470,36,2410,18
4872,6,1020471,7040,18,2168,12
195360,2738,3735679799667,577960,5480,382600,2742
4868,6,535413,7036,18,2168,12
4876,6,543233,7044,18,2168,12
92,1,35236,184,2,92,1
4856,6,561194,7024,18,2168,12
4856,6,549260,7024,18,2168,12
4876,6,527966,6950,18,2074,12
6060,18,1632063,8470,36,2410,18
6060,18,1488019,8470,36,2410,18
4868,6,574295,7036,18,2168,12
4868,6,546313,7036,18,2168,12
4860,6,545522,6934,18,2074,12
4852,6,534651,7020,18,2168,12
4868,6,552486,7036,18,2168,12
5928,16,1466982,8202,32,2274,16
4852,6,533131,7020,18,2168,12
4868,6,538453,7036,18,2168,12
4868,6,526748,7036,18,2168,12
4868,6,511783146,7036,18,2168,12
4876,6,1881294,6950,18,2074,12
397594,2862,3900064925706,601904,5724,204310,2862
4856,6,536598,7024,18,2168,12
5502,8,1232446,7670,20,2168,12
56,1,534634,168,3,112,2
5832,14,1384514,8242,32,2410,18
4868,6,817838,7036,18,2168,12
4852,6,882751,7020,18,2168,12
1360,20,276415462209,2720,40,1360,20
4876,6,561195,6950,18,2074,12
4868,6,553367,7036,18,2168,12
4860,6,576750,6934,18,2074,12
4856,6,585860,7024,18,2168,12
38444,376,5190430044433,98104,1064,59660,688
4856,6,1017699,7024,18,2168,12
4852,6,534797,7020,18,2168,12
92,1,31735,184,2,92,1
4876,6,533273,7044,18,2168,12
5828,14,1389696,8238,32,2410,18
4872,6,972534,7040,18,2168,12
6160,10,1472480,8464,24,2304,14
5828,14,1490987,8238,32,2410,18
4876,6,539553,7044,18,2168,12
4872,6,1094916,7040,18,2168,12
6152,20,1737622,8698,40,2546,20
4876,6,688259,7044,18,2168,12
4868,6,899360,7036,18,2168,12
4856,6,551264,7024,18,2168,12
6148,10,1297095,8452,24,2304,14
4860,6,511125292,6934,18,2074,12
4856,6,585983,7024,18,2168,12
4868,6,541107,7036,18,2168,12
4860,6,726578,7028,18,2168,12
4876,6,594685,6950,18,2074,12
4872,6,530992,7040,18,2168,12
4876,6,528423,6950,18,2074,12
4872,6,1010266,7040,18,2168,12
4872,6,536143,7040,18,2168,12
5820,14,1332771,8230,32,2410,18
4876,6,872063,7044,18,2168,12
4860,6,527968,7028,18,2168,12
4872,6,977093,7040,18,2168,12
4868,6,1076691,7036,18,2168,12
22248,214,3090081887401,58232,630,35984,416
37714,362,5280096761614,98956,1070,61242,708
4876,6,554913,6950,18,2074,12
4876,6,532726,7044,18,2168,12
4876,6,619207,7044,18,2168,12
5518,8,1319496,7798,22,2280,14
6164,10,1479921,8468,24,2304,14
4856,6,699585,7024,18,2168,12
4872,6,1015520,7040,18,2168,12
38024,372,5130589688208,96992,1052,58968,680
33378,320,4680096270281,87700,948,54322,628
5948,16,3809335,8358,34,2410,18
4852,6,670174,7020,18,2168,12
4872,6,863518,7040,18,2168,12
56,1,83528,168,3,112,2
4852,6,557366,7020,18,2168,12
26460,252,3750049821098,70056,756,43596,504
24360,232,3450051641115,64496,696,40136,464
4856,6,572287,7024,18,2168,12
5924,16,969961,8198,32,2274,16
5828,14,1410975,8238,32,2410,18
4876,6,553271,7044,18,2168,12
2040,30,430526360461,4080,60,2040,30
4868,6,543749,7036,18,2168,12
4860,6,726127,6934,18,2074,12
4860,6,2302515,7028,18,2168,12
4872,6,822394,7040,18,2168,12
4876,6,530877,6950,18,2074,12
4856,6,552823,7024,18,2168,12
5944,16,1441264,8218,32,2274,16
4868,6,555022,7036,18,2168,12
4852,6,552391,7020,18,2168,12
4868,6,511376574,7036,18,2168,12
4872,6,1001958,7040,18,2168,12
4852,6,577738,7020,18,2168,12
449566,3236,4410558504782,680158,6466,230592,3230
5932,16,1647291,8206,32,2274,16
4856,6,544869,7024,18,2168,12
4876,6,534724,6950,18,2074,12
4876,6,547375,7044,18,2168,12
4876,6,537699,6950,18,2074,12
29672,284,4170113276280,78112,844,48440,560
5828,14,1353393,8238,32,2410,18
4860,6,970320,7028,18,2168,12
4860,6,548133,7028,18,2168,12
4860,6,1003356,7028,18,2168,12
5940,16,1614899,8214,32,2274,16
4872,6,821551,7040,18,2168,12
4860,6,707290,6934,18,2074,12
6160,10,1212540,8464,24,2304,14
6160,10,1227031,8464,24,2304,14
4876,6,641237,6950,18,2074,12
4868,6,531999,7036,18,2168,12
4876,6,542139,7044,18,2168,12
4868,6,607029,7036,18,2168,12
4860,6,531545,6934,18,2074,12
5944,16,1441264,8218,32,2274,16
4868,6,1004601,7036,18,2168,12
4856,6,536169,7024,18,2168,12
4856,6,791037,7024,18,2168,12
28350,270,4020063386837,75060,810,46710,540
5932,16,1344343,8206,32,2274,16
4872,6,1366035,7040,18,2168,12
4856,6,555058,7024,18,2168,12
4896,72,1075392229396,9792,144,4896,72
4860,6,537175,7028,18,2168,12
5944,16,1553947,8218,32,2274,16
4868,6,552041,7036,18,2168,12
34306,338,4560540067018,86700,942,52394,604
4868,6,590779,7036,18,2168,12
4852,6,1725805,7020,18,2168,12
4872,6,825428,7040,18,2168,12
5924,16,1023577,8334,34,2410,18
56,1,202733,168,3,112,2
4868,6,538118,7036,18,2168,12
4868,6,915256,7036,18,2168,12
5928,16,1327948,8202,32,2274,16
4876,6,534800,7044,18,2168,12
26942,258,3780097395668,70884,766,43942,508
4852,6,531623,7020,18,2168,12
5836,14,2063884,8246,32,2410,18
4868,6,927834,7036,18,2168,12
4868,6,545286,7036,18,2168,12
5948,16,1535940,8222,32,2274,16
6168,20,1741773,8714,40,2546,20
6060,18,1616021,8470,36,2410,18
5940,16,1505313,8214,32,2274,16
4876,6,536620,6950,18,2074,12
3264,48,706944210956,6528,96,3264,48
4860,6,531395,7028,18,2168,12
27823952,18937,4410561048718,154889877,36483,127065925,17546
4876,6,889703,6950,18,2074,12
26930,260,3720571284793,70044,758,43114,498
4868,6,548045,7036,18,2168,12
4872,6,993376,7040,18,2168,12
4872,6,1380328,7040,18,2168,12
4856,6,1022324,7024,18,2168,12
4860,6,555853,6934,18,2074,12
5928,16,1566169,8338,34,2410,18
3808,56,829472817257,7616,112,3808,56
4852,6,689192,7020,18,2168,12
4856,6,857007,7024,18,2168,12
25534,246,3540065665959,66708,722,41174,476
26090,252,3600571283250,67820,734,41730,482
5828,14,1363346,8238,32,2410,18
5932,16,1343592,8206,32,2274,16
4872,6,1127444,7040,18,2168,12
29820,284,4230555446917,78952,852,49132,568
4868,6,570044,7036,18,2168,12
4872,6,1009219,7040,18,2168,12
4856,6,557130,7024,18,2168,12
4852,6,596525,7020,18,2168,12
5940,16,1543460,8214,32,2274,16
4860,6,567583,7028,18,2168,12
36244,348,5070079247267,95064,1028,58820,680
4868,6,548772,7036,18,2168,12
4868,6,880778,7036,18,2168,12
22940,222,3150556389525,59480,644,36540,422
4868,6,549735,7036,18,2168,12
5522,8,705501,7708,22,2186,14
6052,18,1472827,8462,36,2410,18
5816,14,1886019,8226,32,2410,18
29882,286,4200096627620,78668,850,48786,564
5832,14,1398701,8242,32,2410,18
4856,6,565922,7024,18,2168,12
4860,6,1698801,7028,18,2168,12
62280,720,5370590210509,101576,1102,39296,382
4872,6,548928,7040,18,2168,12
4868,6,537089,7036,18,2168,12
6164,20,1622074,8710,40,2546,20
4872,6,912124,7040,18,2168,12
287384,4026,5499257383334,839132,8060,551748,4034
4872,6,530334,7040,18,2168,12
5506,8,510959377,7692,22,2186,14
4852,6,621317,7020,18,2168,12
4856,6,568966,7024,18,2168,12
31724,312,4230557975679,80448,874,48724,562
25410,242,3600067495357,67276,726,41866,484
4876,6,1833749,6950,18,2074,12
4860,6,836357,7028,18,2168,12
4868,6,537445,7036,18,2168,12
4856,6,791037,7024,18,2168,12
5828,14,1914849,8238,32,2410,18
4852,6,538064,7020,18,2168,12
4868,6,1599555,7036,18,2168,12
4624,68,1013440873834,9248,136,4624,68
2176,32,460803805226,4352,64,2176,32
5928,16,1441249,8202,32,2274,16
20817676,128056,4579265912542,33568388,256112,12750712,128056
4868,6,563328,7036,18,2168,12
4856,6,536596,7024,18,2168,12
4872,6,1379297,7040,18,2168,12
6148,20,1254783,8694,40,2546,20
4868,6,553217,7036,18,2168,12
33046,326,4380571454709,83364,906,50318,580
27634,266,3840064622088,72268,782,44634,516
5932,16,1489378,8206,32,2274,16
4872,6,882252,7040,18,2168,12
4868,6,877645,7036,18,2168,12
30519126,20702,4840544486587,169928682,40038,139409556,19336
4872,6,814434,7040,18,2168,12
4868,6,675597,7036,18,2168,12
28684,276,3989985576695,75048,812,46364,536
4876,6,532534,6950,18,2074,12
4856,6,591100,7024,18,2168,12
26164,252,3630080235087,68376,740,42212,488
4872,6,873751,7040,18,2168,12
4852,6,764544,7020,18,2168,12
4868,6,861622,7036,18,2168,12
4856,6,852928,7024,18,2168,12
4876,6,575733,7044,18,2168,12
6036,18,1127227,8446,36,2410,18
4872,6,920931,7040,18,2168,12
4868,6,530519,7036,18,2168,12
4876,6,527569,6950,18,2074,12
4852,6,574835,7020,18,2168,12
6148,10,1378904,8452,24,2304,14
5502,8,1239684,7670,20,2168,12
4868,6,541026,7036,18,2168,12
28894,278,4020064449640,75604,818,46710,540
4852,6,538361,7020,18,2168,12
4872,6,819257,7040,18,2168,12
4860,6,1005164,7028,18,2168,12
4852,6,564737,7020,18,2168,12
6164,10,1374228,8468,24,2304,14
6296,12,1649999,8600,26,2304,14
4876,6,730472,6950,18,2074,12
4876,6,527903,7044,18,2168,12
3536,52,767968107081,7072,104,3536,52
4860,6,875454,7028,18,2168,12
4876,6,549007,6950,18,2074,12
4876,6,568353,6950,18,2074,12
32550,310,4620096399998,86180,930,53630,620
4868,6,965475,7036,18,2168,12
6164,10,1368701,8468,24,2304,14
4856,6,598932,7024,18,2168,12
4852,6,525308,7020,18,2168,12
136,2,170758,272,4,136,2
92,1,32635,184,2,92,1
5522,8,508886205,7802,22,2280,14
92,1,31125,184,2,92,1
4872,6,549738,7040,18,2168,12
4860,6,547559,6934,18,2074,12
4852,6,653527,7020,18,2168,12
4860,6,576756,6934,18,2074,12
37282,360,5160222360089,97004,1050,59722,690
24632,236,3450080652097,64768,700,40136,464
4876,6,533090,6950,18,2074,12
4872,6,527380327,7040,18,2168,12
4852,6,745822,7020,18,2168,12
4860,6,561703,7028,18,2168,12
4868,6,804039,7036,18,2168,12
25620,244,3630080727288,67832,732,42212,488
38220,364,5430082327989,101192,1092,62972,728
4852,6,1134847,7020,18,2168,12
4872,6,965315,7040,18,2168,12
4860,6,560728,7028,18,2168,12
4868,6,528639,7036,18,2168,12
4868,6,541929,7036,18,2168,12
4876,6,849569,7044,18,2168,12
6036,18,1487302,8446,36,2410,18
4852,6,560538,7020,18,2168,12
4868,6,547040,7036,18,2168,12
4872,6,866604,7040,18,2168,12
4860,6,1027750,7028,18,2168,12
4868,6,822176,7036,18,2168,12
4872,6,912877,7040,18,2168,12
5948,16,1568359,8222,32,2274,16
33810,322,4800064911093,89516,966,55706,644
162390,2276,3104641756382,480534,4556,318144,2280
4860,6,552036,6934,18,2074,12
4856,6,543058,7024,18,2168,12
4852,6,539849,7020,18,2168,12
4856,6,584300,7024,18,2168,12
24422,234,3420001481550,64212,694,39790,460
5816,14,1372492,8226,32,2410,18
4872,6,865151,7040,18,2168,12
4860,6,865443,7028,18,2168,12
4872,6,822394,7040,18,2168,12
6052,18,1521501,8462,36,2410,18
5518,8,1279069,7798,22,2280,14
4852,6,1151390,7020,18,2168,12
6036,18,1337079,8446,36,2410,18
5502,8,1254973,7782,22,2280,14
5924,16,1060066,8334,34,2410,18
4872,6,991011,7040,18,2168,12
4852,6,547123,7020,18,2168,12
4856,6,555337,7024,18,2168,12
24422,234,3420001481550,64212,694,39790,460
4852,6,1105796,7020,18,2168,12
4868,6,848109,7036,18,2168,12
4868,6,793529,7036,18,2168,12
4868,6,1198197,7036,18,2168,12
5948,16,1413778,8358,34,2410,18
4872,6,848720,7040,18,2168,12
6036,18,1187083,8582,38,2546,20
4872,6,540818,7040,18,2168,12
5502,8,1389174,7670,20,2168,12
5932,16,72720201,8206,32,2274,16
4868,6,589777,7036,18,2168,12
4868,6,812454,7036,18,2168,12
4860,6,509938639,7028,18,2168,12
6296,12,1649999,8600,26,2304,14
6052,18,2146922,8598,38,2546,20
4856,6,535356,7024,18,2168,12
5928,16,1441249,8202,32,2274,16
4872,6,511336811,7040,18,2168,12
4876,6,532506,6950,18,2074,12
4852,6,577265,7020,18,2168,12
4856,6,776998,7024,18,2168,12
6164,10,1353412,8468,24,2304,14
4876,6,866273,7044,18,2168,12
5948,16,1520712,8358,34,2410,18
4868,6,542743,7036,18,2168,12
4856,6,1793028,7024,18,2168,12
5828,14,511188312,8238,32,2410,18
337562,2430,3309021856702,511016,4860,173454,2430
4868,6,546138,7036,18,2168,12
4852,6,606297,7020,18,2168,12
4868,6,833970,7036,18,2168,12
4852,6,574225,7020,18,2168,12
4876,6,565958,6950,18,2074,12
2992,44,644992684853,5984,88,2992,44
4856,6,869748,7024,18,2168,12
38060,440,3269985030160,61976,672,23916,232
92,1,45903,184,2,92,1
92,1,32532,184,2,92,1
4876,6,554731,6950,18,2074,12
25200,240,3570080080324,66720,720,41520,480
4868,6,528718,7036,18,2168,12
4868,6,664978,7036,18,2168,12
4868,6,538326,7036,18,2168,12
4852,6,552145,7020,18,2168,12
4856,6,840909,7024,18,2168,12
2992,44,645375254483,5984,88,2992,44
5924,16,965915,8198,32,2274,16
4852,6,552611,7020,18,2168,12
4872,6,858535,7040,18,2168,12
4624,68,1013440873834,9248,136,4624,68
5928,16,1371681,8202,32,2274,16
32760,312,4650080862638,86736,936,53976,624
4856,6,567993,7024,18,2168,12
4852,6,883870,7020,18,2168,12
4860,6,542559,7028,18,2168,12
5940,16,1372030,8214,32,2274,16
4852,6,577610,7020,18,2168,12
4852,6,580468,7020,18,2168,12
5518,8,1110934,7798,22,2280,14
4860,6,580906,6934,18,2074,12
4852,6,542855,7020,18,2168,12
25472,244,3570080151996,66992,724,41520,480
4760,70,1044894839441,9520,140,4760,70
4868,6,559996,7036,18,2168,12
4868,6,545768,7036,18,2168,12
4868,6,550424,7036,18,2168,12
5836,14,1607902,8246,32,2410,18
4856,6,848105,7024,18,2168,12
4872,6,829854,7040,18,2168,12
4852,6,557808,7020,18,2168,12
4860,6,540333,6934,18,2074,12
203284,2848,3896227240509,599170,5708,395886,2860
5502,8,1237221,7782,22,2280,14
4856,6,561016,7024,18,2168,12
4860,6,854964,7028,18,2168,12
4856,6,589339,7024,18,2168,12
286494,4014,5488514970788,843778,8040,557284,4026
4868,6,833623,7036,18,2168,12
21420,204,3030080627624,56712,612,35292,408
4876,6,542476,7044,18,2168,12
4868,6,553643,7036,18,2168,12
6040,18,2178021,8450,36,2410,18
4852,6,545314,7020,18,2168,12
4868,6,579897,7036,18,2168,12
5498,8,640042,7778,22,2280,14
4868,6,549009,7036,18,2168,12
5940,16,1380652,8214,32,2274,16
4852,6,964965,7020,18,2168,12
4872,6,573463,7040,18,2168,12
5832,14,1378697,8242,32,2410,18
4856,6,568958,7024,18,2168,12
4868,6,671950,7036,18,2168,12
4868,6,530738,7036,18,2168,12
92,1,31117,184,2,92,1
4868,6,577359,7036,18,2168,12
4852,6,532776,7020,18,2168,12
4860,6,576711,7028,18,2168,12
4852,6,555498,7020,18,2168,12
6152,10,1264545,8456,24,2304,14
4876,6,912524,7044,18,2168,12
4876,6,539601,6950,18,2074,12
6152,10,1253088,8456,24,2304,14
4868,6,797341,7036,18,2168,12
34206,330,4740064950415,89220,966,55014,636
15590600,95900,3429215881910,25139500,191800,9548900,95900
5506,8,1230839,7674,20,2168,12
4868,6,534496,7036,18,2168,12
56,1,3024654,168,3,112,2
4876,6,553330,6950,18,2074,12
4852,6,548700,7020,18,2168,12
4860,6,545809,6934,18,2074,12
4860,6,552739,7028,18,2168,12
56,1,39973,116,2,60,1
4852,6,539602,7020,18,2168,12
4856,6,582777,7024,18,2168,12
4868,6,574933,7036,18,2168,12
4876,6,569675,7044,18,2168,12
4872,6,830069,7040,18,2168,12
4860,6,983206,7028,18,2168,12
4872,6,865835,7040,18,2168,12
4876,6,1231139,7044,18,2168,12
4868,6,572222,7036,18,2168,12
4856,6,540148,7024,18,2168,12
4876,6,530877,6950,18,2074,12
4876,6,557831,7044,18,2168,12
3264,48,706528118965,6528,96,3264,48
4876,6,629001,7044,18,2168,12
6044,18,1989462,8454,36,2410,18
4868,6,539288,7036,18,2168,12
4860,6,575985,7028,18,2168,12
6148,20,1214889,8694,40,2546,20
4868,6,752702,7036,18,2168,12
4868,6,610889,7036,18,2168,12
5940,16,1587602,8350,34,2410,18
4852,6,545866,7020,18,2168,12
4624,68,1013474215512,9248,136,4624,68
5948,16,1508135,8222,32,2274,16
28832,276,4050048201613,75888,820,47056,544
4872,6,881014,7040,18,2168,12
4876,6,534724,6950,18,2074,12
4868,6,821393,7036,18,2168,12
4852,6,817869,7020,18,2168,12
4868,6,576534,7036,18,2168,12
4868,6,818129,7036,18,2168,12
4872,6,838527,7040,18,2168,12
5940,16,1406119,8214,32,2274,16
4872,6,527676,7040,18,2168,12
4872,6,879608,7040,18,2168,12
5924,16,1023577,8334,34,2410,18
4860,6,539326,7028,18,2168,12
5506,8,1183884,7674,20,2168,12
4868,6,543763,7036,18,2168,12
4868,6,551394,7036,18,2168,12
4856,6,556087,7024,18,2168,12
21420,204,3030050137737,56712,612,35292,408
5932,16,1618668,8206,32,2274,16
37084,356,5190430011735,97288,1052,60204,696
4868,6,866014,7036,18,2168,12
4872,6,509366025,7040,18,2168,12
27090,258,3840062809737,71724,774,44634,516
4872,6,1162515,7040,18,2168,12
4868,6,1728177,7036,18,2168,12
6148,10,1405743,8452,24,2304,14
4856,6,730314,7024,18,2168,12
4856,6,1036387,7024,18,2168,12
4876,6,584179,7044,18,2168,12
4860,6,885014,7028,18,2168,12
4872,6,1159158,7040,18,2168,12
5828,14,1363346,8238,32,2410,18
4852,6,556738,7020,18,2168,12
23100,220,3270112145056,61160,660,38060,440
4876,6,554205,7044,18,2168,12
6164,20,1584878,8710,40,2546,20
4856,6,531742,7024,18,2168,12
4876,6,550138,6950,18,2074,12
4868,6,549352,7036,18,2168,12
5940,16,1365870,8214,32,2274,16
4876,6,653013,6950,18,2074,12
4856,6,986505,7024,18,2168,12
1496,22,306913762300,2992,44,1496,22
4868,6,573190,7036,18,2168,12
4872,6,662129,7040,18,2168,12
4876,6,875723,7044,18,2168,12
4872,6,848318,7040,18,2168,12
4868,6,878298,7036,18,2168,12
34774,334,4860096856040,91172,986,56398,652
4868,6,1257209,7036,18,2168,12
5924,16,1078336,8334,34,2410,18
6060,18,1649270,8470,36,2410,18
4872,6,816295,7040,18,2168,12
4868,6,545146,7036,18,2168,12
4860,6,1004162,7028,18,2168,12
272,4,30527384980,544,8,272,4
4868,6,790374,7036,18,2168,12
5820,14,1681949,8230,32,2410,18
4488,66,982818154685,8976,132,4488,66
4860,6,999180,7028,18,2168,12
4868,6,578615,7036,18,2168,12
4852,6,543676,7020,18,2168,12
4876,6,544856,7044,18,2168,12
5836,14,1454369,8246,32,2410,18
207376,2906,3976195306745,611360,5824,403984,2918
4852,6,531833,7020,18,2168,12
5924,16,994631,8198,32,2274,16
4856,6,830404,7024,18,2168,12
4876,6,522520,7044,18,2168,12
4868,6,525942,7036,18,2168,12
4868,6,566350,7036,18,2168,12
28858,284,3840571275067,73084,794,44226,510
4868,6,573321,7036,18,2168,12
5924,16,1194618,8198,32,2274,16
4868,6,564255,7036,18,2168,12
4872,6,646997,7040,18,2168,12
56,1,37257,132,2,76,1
4852,6,549913,7020,18,2168,12
2357242,2480,5030053990422,12807280,7278,10450038,4798
364532,2634,3591072976076,552116,5262,187584,2628
4872,6,1116370,7040,18,2168,12
4852,6,954780,7020,18,2168,12
4872,6,824348,7040,18,2168,12
4860,6,533786,6934,18,2074,12
4860,6,541208,7028,18,2168,12
6152,10,1288130,8456,24,2304,14
5940,16,1847310,8214,32,2274,16
4856,6,563862,7024,18,2168,12
4868,6,587155,7036,18,2168,12
24212,232,3390080201694,63656,688,39444,456
4876,6,549548,7044,18,2168,12
23854,230,3300064321860,62260,674,38406,444
4856,6,805909,7024,18,2168,12
4856,6,589824,7024,18,2168,12
4852,6,904056,7020,18,2168,12
4868,6,517395053,7036,18,2168,12
4872,6,937480,7040,18,2168,12
4876,6,532462,7044,18,2168,12
4868,6,534496,7036,18,2168,12
4868,6,520711,7036,18,2168,12
4852,6,528112,7020,18,2168,12
4852,6,536330,7020,18,2168,12
5924,16,982958,8198,32,2274,16
4852,6,526568,7020,18,2168,12
4868,6,672323,7036,18,2168,12
4852,6,540259,7020,18,2168,12
4860,6,1031386,7028,18,2168,12
5940,16,1546701,8214,32,2274,16
4868,6,846267,7036,18,2168,12
4868,6,542121,7036,18,2168,12
4876,6,572279,7044,18,2168,12
5836,14,1947426,8246,32,2410,18
4852,6,570617,7020,18,2168,12
4876,6,552210,7044,18,2168,12
5924,16,1618780,8198,32,2274,16
4872,6,847527,7040,18,2168,12
4868,6,821041,7036,18,2168,12
4868,6,591466,7036,18,2168,12
6148,20,1202186,8694,40,2546,20
4868,6,560534,7036,18,2168,12
4868,6,735970,7036,18,2168,12
4872,6,549926,7040,18,2168,12
4856,6,1265873,7024,18,2168,12
4872,6,805397,7040,18,2168,12
4868,6,577303,7036,18,2168,12
5932,16,1779844,8206,32,2274,16
4860,6,539924,7028,18,2168,12
4856,6,1017704,7024,18,2168,12
4868,6,1090313,7036,18,2168,12
29820927,20089,4730560287047,166082540,38967,136261613,18878
33032,316,4650076997952,87008,940,53976,624
2312,34,491424860644,4624,68,2312,34
4852,6,1240468,7020,18,2168,12
4860,6,972987,7028,18,2168,12
4876,6,539135,7044,18,2168,12
4852,6,702522,7020,18,2168,12
4856,6,864154,7024,18,2168,12
4860,6,540602,6934,18,2074,12
30932,296,4350112119967,81448,880,50516,584
4872,6,874384,7040,18,2168,12
4868,6,532653,7036,18,2168,12
5924,16,963639,8198,32,2274,16
4856,6,785701,7024,18,2168,12
25362,250,3360063824818,63916,694,38554,444
4852,6,565102,7020,18,2168,12
4876,6,542405,6950,18,2074,12
31204,300,4350112836466,81720,884,50516,584
4868,6,1168453,7036,18,2168,12
4860,6,532355,7028,18,2168,12
4876,6,1744537,6950,18,2074,12
4872,6,1010643,7040,18,2168,12
38122,368,5280572099261,99228,1074,61106,706
4872,6,836928,7040,18,2168,12
4852,6,548697,7020,18,2168,12
4860,6,552134,6934,18,2074,12
4868,6,545616,7036,18,2168,12
4872,6,981997,7040,18,2168,12
4876,6,509821479,6950,18,2074,12
4868,6,538194,7036,18,2168,12
3672,54,798464415269,7344,108,3672,54
4868,6,544420,7036,18,2168,12
5828,14,1373188,8238,32,2410,18
6052,18,1511760,8462,36,2410,18
5924,16,1009572,8198,32,2274,16
4856,6,551792,7024,18,2168,12
4868,6,920313,7036,18,2168,12
4856,6,1142755,7024,18,2168,12
4872,6,842829,7040,18,2168,12
6148,10,1377801,8452,24,2304,14
4856,6,574431,7024,18,2168,12
4868,6,542743,7036,18,2168,12
92,1,49749,184,2,92,1
5518,8,1227408,7686,20,2168,12
6148,20,1864702,8694,40,2546,20
15954760,98140,3509280594949,25726700,196280,9771940,98140
4868,6,839300,7036,18,2168,12
4876,6,539413,7044,18,2168,12
5820,14,1493015,8094,30,2274,16
4872,6,1102597,7040,18,2168,12
4868,6,532653,7036,18,2168,12
4852,6,554318,7020,18,2168,12
4868,6,833970,7036,18,2168,12
31624,304,4410047300231,82832,896,51208,592
4860,6,550089,7028,18,2168,12
538230,3874,5282108654125,814352,7742,276122,3868
5924,16,1009181,8198,32,2274,16
6044,18,506613438,8454,36,2410,18
4868,6,544819,7036,18,2168,12
5820,14,1367094,8230,32,2410,18
2040,30,430526360461,4080,60,2040,30
4876,6,539280,7044,18,2168,12
24990,238,3539682305793,66164,714,41174,476
4852,6,535232,7020,18,2168,12
4860,6,635919,7028,18,2168,12
4868,6,1546050,7036,18,2168,12
4876,6,528032,6950,18,2074,12
4860,6,546447,6934,18,2074,12
4868,6,557159,7036,18,2168,12
4868,6,539341,7036,18,2168,12
4852,6,540248,7020,18,2168,12
4856,6,550782,7024,18,2168,12
4856,6,560181,7024,18,2168,12
4860,6,532683,6934,18,2074,12
30030,286,4260068554500,79508,858,49478,572
34712,332,4890082259041,91456,988,56744,656
4856,6,672463,7024,18,2168,12
4876,6,620247,6950,18,2074,12
4852,6,954780,7020,18,2168,12
4876,6,543377,7044,18,2168,12
4868,6,546535,7036,18,2168,12
4872,6,670744,7040,18,2168,12
56,1,1831519,168,3,112,2
4860,6,554257,6934,18,2074,12
4868,6,793720,7036,18,2168,12
4852,6,532475,7020,18,2168,12
4872,6,844824,7040,18,2168,12
4872,6,796977,7040,18,2168,12
4852,6,545224,7020,18,2168,12
23582,226,3300063028182,61988,670,38406,444
4852,6,538064,7020,18,2168,12
4860,6,602301,6934,18,2074,12
4856,6,584657,7024,18,2168,12
4856,6,981287,7024,18,2168,12
4860,6,541090,7028,18,2168,12
25744,248,3570080189983,67264,728,41520,480
6060,18,1595024,8470,36,2410,18
4860,6,1105501,6934,18,2074,12
4856,6,557002,7024,18,2168,12
5832,14,1345064,8242,32,2410,18
4868,6,794089,7036,18,2168,12
4868,6,816623,7036,18,2168,12
5836,14,512344874,8246,32,2410,18
950658,1001,4050059081401,5159537,2932,4208879,1931
2720,40,583840137453,5440,80,2720,40
4856,6,790979,7024,18,2168,12
4852,6,578074,7020,18,2168,12
4868,6,569735,7036,18,2168,12
4868,6,918344,7036,18,2168,12
33194,326,4440573678804,84204,914,51010,588
5944,16,1389146,8218,32,2274,16
6044,18,1409352,8454,36,2410,18
4876,6,537496,7044,18,2168,12
4872,6,588402,7040,18,2168,12
5518,8,1092687,7798,22,2280,14
56,1,3024654,168,3,112,2
5924,16,980094,8198,32,2274,16
6060,18,1503123,8470,36,2410,18
4868,6,575431,7036,18,2168,12
4868,6,595309,7036,18,2168,12
3944,58,860511356505,7888,116,3944,58
5928,16,1481573,8202,32,2274,16
5820,14,1444151,8230,32,2410,18
4868,6,535992,7036,18,2168,12
5940,16,1371283,8214,32,2274,16
4868,6,563370,7036,18,2168,12
264378,3704,5058234570402,772090,7416,507712,3712
4872,6,509366025,7040,18,2168,12
5932,16,1350670,8206,32,2274,16
4868,6,539357,7036,18,2168,12
6040,18,1705739,8450,36,2410,18
4860,6,876145,7028,18,2168,12
4860,6,552311,7028,18,2168,12
183764,2574,3515674231359,536900,5156,353136,2582
4872,6,530594,7040,18,2168,12
38282,366,5400190877470,100908,1090,62626,724
5828,14,1312060,8102,30,2274,16
5940,16,1550814,8350,34,2410,18
4868,6,571684,7036,18,2168,12
4872,6,1020010,7040,18,2168,12
2087902,2198,4455199647553,11336666,6444,9248764,4246
4856,6,551151,7024,18,2168,12
5836,14,1395391,8246,32,2410,18
4856,6,545737,7024,18,2168,12
4860,6,888270,6934,18,2074,12
4876,6,574143,7044,18,2168,12
4860,6,1008641,7028,18,2168,12
4860,6,541005,6934,18,2074,12
4852,6,553639,7020,18,2168,12
4872,6,996305,7040,18,2168,12
4872,6,1127565,7040,18,2168,12
5828,14,1582347,8238,32,2410,18
5928,16,1516943,8202,32,2274,16
4868,6,544010,7036,18,2168,12
4876,6,539106,6950,18,2074,12
4852,6,1598704,7020,18,2168,12
1998956,2102,4260046136555,10852426,6162,8853470,4060
4856,6,536179,7024,18,2168,12
5506,8,655054,7692,22,2186,14
4860,6,553539,7028,18,2168,12
4868,6,587848,7036,18,2168,12
22470,214,3180096334696,59492,642,37022,428
4868,6,542879,7036,18,2168,12
4868,6,1075326,7036,18,2168,12
4872,6,784646,7040,18,2168,12
4868,6,869314,7036,18,2168,12
5928,16,1466982,8202,32,2274,16
31982,306,4500097823404,84228,910,52246,604
4852,6,592208,7020,18,2168,12
6152,10,1117715,8456,24,2304,14
5514,8,670762,7794,22,2280,14
816,12,153472636893,1632,24,816,12
4868,6,590054,7036,18,2168,12
5944,16,1416287,8354,34,2410,18
5816,14,1546503,8226,32,2410,18
92,1,32272,184,2,92,1
4868,6,1001730,7036,18,2168,12
4852,6,676752,7020,18,2168,12
21840,208,3090081685569,57824,624,35984,416
4852,6,929756,7020,18,2168,12
760034,802,3230054026367,4119145,2346,3359111,1544
5518,8,1159648,7798,22,2280,14
4852,6,527109,7020,18,2168,12
4868,6,903896,7036,18,2168,12
4852,6,556318,7020,18,2168,12
92,1,31015,184,2,92,1
4868,6,548319,7036,18,2168,12
5940,16,1423723,8214,32,2274,16
4852,6,529476,7020,18,2168,12
4852,6,537031,7020,18,2168,12
4856,6,853948,7024,18,2168,12
6164,10,1334377,8468,24,2304,14
4872,6,565560,7040,18,2168,12
6152,10,1376921,8456,24,2304,14
4876,6,560186,7044,18,2168,12
5940,16,1502886,8214,32,2274,16
4860,6,669668,6934,18,2074,12
4872,6,840272,7040,18,2168,12
4856,6,1027807,7024,18,2168,12
6060,18,1547362,8470,36,2410,18
92,1,56896,184,2,92,1
4852,6,1495376,7020,18,2168,12
92,1,33230,184,2,92,1
5518,8,1101909,7798,22,2280,14
4868,6,819945,7036,18,2168,12
22532,216,3150048204329,59208,640,36676,424
4872,6,676011,7040,18,2168,12
4876,6,552838,7044,18,2168,12
4872,6,1170091,7040,18,2168,12
22260,212,3150046907572,58936,636,36676,424
6148,10,1783281,8452,24,2304,14
4868,6,858486,7036,18,2168,12
5928,16,1390365,8202,32,2274,16
4868,6,532834,7036,18,2168,12
5518,8,1040392,7686,20,2168,12
4852,6,561875,7020,18,2168,12
4852,6,585881,7020,18,2168,12
4868,6,547306,7036,18,2168,12
4872,6,872519,7040,18,2168,12
5940,16,1561695,8350,34,2410,18
4872,6,1587046,7040,18,2168,12
4872,6,1194016,7040,18,2168,12
23310,222,3300096100628,61716,666,38406,444
38974,374,5460099760254,102292,1106,63318,732
4860,6,563060,7028,18,2168,12
59166,684,5100063725240,96164,1042,36998,358
4856,6,1071972,7024,18,2168,12
4876,6,539294,7044,18,2168,12
5820,14,1378507,8230,32,2410,18
23014,222,3180096585273,60036,650,37022,428
4868,6,1094737,7036,18,2168,12
4852,6,536065,7020,18,2168,12
4876,6,536886,6950,18,2074,12
4876,6,558201,7044,18,2168,12
5948,16,1443744,8358,34,2410,18
4852,6,572205,7020,18,2168,12
56,1,3059180,168,3,112,2
4876,6,532996,6950,18,2074,12
4860,6,569514,7028,18,2168,12
4852,6,536696,7020,18,2168,12
4868,6,1159456,7036,18,2168,12
4852,6,568944,7020,18,2168,12
6168,20,1577194,8714,40,2546,20
4868,6,508555015,7036,18,2168,12
4876,6,579161,7044,18,2168,12
4868,6,806456,7036,18,2168,12
29500,288,3990589111591,75864,824,46364,536
4868,6,615639,7036,18,2168,12
4852,6,564742,7020,18,2168,12
4876,6,540787,7044,18,2168,12
4876,6,550960,6950,18,2074,12
4856,6,836954,7024,18,2168,12
4876,6,530268,7044,18,2168,12
4872,6,803580,7040,18,2168,12
28622,274,4020096181889,75332,814,46710,540
4852,6,539788,7020,18,2168,12
5816,14,511446930,8226,32,2410,18
4872,6,937176,7040,18,2168,12
5832,14,3669104,8242,32,2410,18
3944,58,859968398300,7888,116,3944,58
4876,6,585869,6950,18,2074,12
4860,6,993804,7028,18,2168,12
4860,6,541123,6934,18,2074,12
4876,6,560029,7044,18,2168,12
4860,6,550601,7028,18,2168,12
4868,6,1159456,7036,18,2168,12
4860,6,544094,6934,18,2074,12
4876,6,638535,7044,18,2168,12
4872,6,4813121,7040,18,2168,12
4868,6,890862,7036,18,2168,12
4872,6,795045,7040,18,2168,12
4876,6,535454,7044,18,2168,12
4860,6,542753,6934,18,2074,12
25148873,16077,4000545032282,140320637,31820,115171764,15743
25176,244,3450555520388,65040,704,39864,460
4868,6,543373,7036,18,2168,12
4868,6,535769,7036,18,2168,12
4852,6,555780,7020,18,2168,12
4852,6,571917,7020,18,2168,12
4876,6,551075,7044,18,2168,12
173380,2430,3315168825563,513008,4864,339628,2434
6164,20,1807244,8710,40,2546,20
6164,10,1410529,8468,24,2304,14
4852,6,599227,7020,18,2168,12
4876,6,535096,7044,18,2168,12
4872,6,1366035,7040,18,2168,12
4860,6,1436970,7028,18,2168,12
4868,6,849284,7036,18,2168,12
20454586,125822,4499267950925,32982856,251644,12528270,125822
4868,6,839528,7036,18,2168,12
4876,6,547148,6950,18,2074,12
4876,6,575204,7044,18,2168,12
4868,6,546872,7036,18,2168,12
5940,16,1470170,8350,34,2410,18
680,10,122816090146,1360,20,680,10
4852,6,578388,7020,18,2168,12
4872,6,1033281,7040,18,2168,12
33452,320,4710077262155,88120,952,54668,632
4868,6,796842,7036,18,2168,12
4868,6,570032,7036,18,2168,12
4868,6,733805,7036,18,2168,12
5828,14,1322674,8238,32,2410,18
4868,6,940574,7036,18,2168,12
46018,532,3960064755319,74764,810,28746,278
4868,6,642347,7036,18,2168,12
4860,6,511190282,6934,18,2074,12
4860,6,580122,7028,18,2168,12
92,1,31601,184,2,92,1
4868,6,843818,7036,18,2168,12
50170,580,4320063666610,81436,882,31266,302
4872,6,820042,7040,18,2168,12
4872,6,850477,7040,18,2168,12
4856,6,549280,7024,18,2168,12
4860,6,545412,6934,18,2074,12
4872,6,839899,7040,18,2168,12
4872,6,1004503,7040,18,2168,12
92,1,42266,184,2,92,1
5932,16,1459419,8206,32,2274,16
4876,6,558738,7044,18,2168,12
5816,14,1514559,8226,32,2410,18
4860,6,865443,7028,18,2168,12
4860,6,535525,7028,18,2168,12
4876,6,1105757,6950,18,2074,12
5944,16,1595086,8218,32,2274,16
4868,6,544290,7036,18,2168,12
6160,10,1227249,8464,24,2304,14
5940,16,1473102,8350,34,2410,18
6160,10,1256800,8464,24,2304,14
4860,6,528986,7028,18,2168,12
4852,6,575920,7020,18,2168,12
4852,6,539880,7020,18,2168,12
4860,6,888991,7028,18,2168,12
4860,6,552412,7028,18,2168,12
5514,8,1123028,7794,22,2280,14
160412,2248,3064672585658,474582,4500,314170,2252
6056,18,1481724,8466,36,2410,18
4868,6,830134,7036,18,2168,12
4872,6,954284,7040,18,2168,12
4868,6,815544,7036,18,2168,12
4868,6,892687,7036,18,2168,12
4216,62,921410743245,8432,124,4216,62
4856,6,1031482,7024,18,2168,12
4872,6,867331,7040,18,2168,12
6160,10,1160100,8464,24,2304,14
4872,6,868806,7040,18,2168,12
4860,6,995515,7028,18,2168,12
5836,14,1365527,8246,32,2410,18
27214,262,3780097443825,71156,770,43942,508
30464,300,4050557671016,76976,836,46512,536
193246,2708,3705698233658,569824,5428,376578,2720
4852,6,554255,7020,18,2168,12
4860,6,561703,7028,18,2168,12
6160,10,1279279,8464,24,2304,14
5948,16,1590164,8358,34,2410,18
4860,6,566084,7028,18,2168,12
6036,18,1373956,8582,38,2546,20
4860,6,532534,7028,18,2168,12
4852,6,542566,7020,18,2168,12
4852,6,568430,7020,18,2168,12
6040,18,1501105,8450,36,2410,18
4868,6,584853,7036,18,2168,12
36850,358,5040604729538,95324,1034,58474,676
4852,6,566279,7020,18,2168,12
4876,6,558288,7044,18,2168,12
4856,6,586152,7024,18,2168,12
4868,6,1499609,7036,18,2168,12
4868,6,819945,7036,18,2168,12
5940,16,1448336,8214,32,2274,16
4860,6,553641,6934,18,2074,12
4868,6,583188,7036,18,2168,12
4868,6,551122,7036,18,2168,12
1775794,1866,3780074978845,9634964,5470,7859170,3604
6156,20,2685933,8702,40,2546,20
4852,6,532839,7020,18,2168,12
4868,6,854693,7036,18,2168,12
5498,8,930513,7778,22,2280,14
4868,6,569691,7036,18,2168,12
5940,16,1579737,8350,34,2410,18
5948,16,1520712,8358,34,2410,18
35404,340,4950080205428,92840,1004,57436,664
4856,6,981953,7024,18,2168,12
4876,6,534302,6950,18,2074,12
1360,20,276418369126,2720,40,1360,20
26584,256,3690080114122,69488,752,42904,496
4868,6,544605,7036,18,2168,12
4876,6,551176,7044,18,2168,12
4860,6,529179,7028,18,2168,12
4856,6,942425,7024,18,2168,12
4856,6,999943,7024,18,2168,12
4868,6,868017,7036,18,2168,12
4872,6,831694,7040,18,2168,12
4872,6,1107748,7040,18,2168,12
5816,14,1362869,8226,32,2410,18
4876,6,586391,7044,18,2168,12
30500,294,4230557462631,79496,860,48996,566
4868,6,551489,7036,18,2168,12
5518,8,658700,7798,22,2280,14
5816,14,1527696,8226,32,2410,18
680,10,122975825042,1360,20,680,10
4860,6,536984,7028,18,2168,12
4852,6,551536,7020,18,2168,12
4860,6,509203963,6934,18,2074,12
4856,6,826718,7024,18,2168,12
5940,16,1713692,8214,32,2274,16
4868,6,1343011,7036,18,2168,12
4868,6,549498,7036,18,2168,12
5940,16,1587602,8350,34,2410,18
4868,6,786850,7036,18,2168,12
5828,14,1891388,8238,32,2410,18
5924,16,1048901,8198,32,2274,16
5816,14,1362869,8226,32,2410,18
6284,12,1189677,8588,26,2304,14
6148,10,1297095,8452,24,2304,14
248678,3484,4757754592799,726296,6976,477618,3492
6164,10,1374500,8468,24,2304,14
4856,6,1056270,7024,18,2168,12
4876,6,550963,6950,18,2074,12
4872,6,710657,7040,18,2168,12
2856,42,613985067086,5712,84,2856,42
4872,6,999239,7040,18,2168,12
4876,6,1378181,6950,18,2074,12
4868,6,527209,7036,18,2168,12
22322,214,3120126869241,58652,634,36330,420
4860,6,532007,6934,18,2074,12
4852,6,592041,7020,18,2168,12
4856,6,810561,7024,18,2168,12
4872,6,1875870,7040,18,2168,12
4868,6,554218,7036,18,2168,12
31724,312,4230557672628,80312,872,48588,560
4876,6,636349,6950,18,2074,12
5928,16,1492091,8202,32,2274,16
5506,8,1106420,7674,20,2168,12
556038,4050,5522592639594,844720,8094,288682,4044
34070,328,4740571951407,88948,962,54878,634
4852,6,545852,7020,18,2168,12
4872,6,844190,7040,18,2168,12
4868,6,824108,7036,18,2168,12
6164,10,1442688,8332,22,2168,12
4872,6,991588,7040,18,2168,12
4868,6,557186,7036,18,2168,12
4856,6,561021,7024,18,2168,12
56,1,51922,116,2,60,1
30660,292,4350587491295,81176,876,50516,584
4868,6,787095,7036,18,2168,12
4876,6,524362,6950,18,2074,12
5944,16,1365023,8218,32,2274,16
6164,20,1658493,8710,40,2546,20
2856,42,614400205963,5712,84,2856,42
6164,10,1388975,8468,24,2304,14
4868,6,545778,7036,18,2168,12
4852,6,785431,7020,18,2168,12
4872,6,664988,7040,18,2168,12
4868,6,921093,7036,18,2168,12
5828,14,1398685,8238,32,2410,18
4852,6,533275,7020,18,2168,12
4868,6,1012391,7036,18,2168,12
4856,6,529029,7024,18,2168,12
6148,20,1440025,8694,40,2546,20
4872,6,1048001,7040,18,2168,12
6152,10,1281159,8456,24,2304,14
4868,6,585744,7036,18,2168,12
6164,10,1371391,8468,24,2304,14
524796,3822,5212096737110,797160,7638,272364,3816
25410,242,3600096155067,67276,726,41866,484
446510,3214,4380574875551,675532,6422,229022,3208
4856,6,571438,7024,18,2168,12
4868,6,551797,7036,18,2168,12
4868,6,859443,7036,18,2168,12
5924,16,1024842,8198,32,2274,16
5820,14,1378507,8230,32,2410,18
4872,6,995582,7040,18,2168,12
4852,6,561875,7020,18,2168,12
4852,6,1072211,7020,18,2168,12
5828,14,1359687,8238,32,2410,18
4868,6,1409974,7036,18,2168,12
4868,6,540788,7036,18,2168,12
4876,6,524362,6950,18,2074,12
5828,14,1411468,8238,32,2410,18
4876,6,1086630,6950,18,2074,12
4856,6,1008195,7024,18,2168,12
4868,6,606156,7036,18,2168,12
4860,6,562388,6934,18,2074,12
4856,6,891403,7024,18,2168,12
4868,6,585273,7036,18,2168,12
4860,6,564787,6934,18,2074,12
6160,10,1124848,8464,24,2304,14
4860,6,538606,6934,18,2074,12
4876,6,551070,7044,18,2168,12
4852,6,588952,7020,18,2168,12
4856,6,545093,7024,18,2168,12
18924392,11300,3020575773873,105838524,23207,86914132,11907
4876,6,880398,6950,18,2074,12
4856,6,978004,7024,18,2168,12
4872,6,1008558,7040,18,2168,12
4868,6,537211,7036,18,2168,12
31772,304,4470081308684,83672,904,51900,600
5498,8,640042,7778,22,2280,14
4860,6,894460,7028,18,2168,12
4868,6,848109,7036,18,2168,12
4856,6,540574,7024,18,2168,12
228948,3208,4376735908103,677046,6420,448098,3212
29524,284,4110081965995,77272,836,47748,552
4872,6,993491,7040,18,2168,12
4868,6,1013562,7036,18,2168,12
4868,6,1105462,7036,18,2168,12
5518,8,1173416,7686,20,2168,12
4876,6,534468,6950,18,2074,12
4868,6,546040,7036,18,2168,12
32626,322,4320571583455,82252,894,49626,572
56,1,515062346,168,3,112,2
4868,6,800845,7036,18,2168,12
4868,6,873660,7036,18,2168,12
4868,6,573517,7036,18,2168,12
4872,6,560464,7040,18,2168,12
4852,6,545942,7020,18,2168,12
4856,6,556883,7024,18,2168,12
4868,6,906489,7036,18,2168,12
2176,32,461311133701,4352,64,2176,32
4876,6,666995,7044,18,2168,12
6160,10,1279285,8464,24,2304,14
4868,6,565221,7036,18,2168,12
4860,6,991477,7028,18,2168,12
4852,6,575448,7020,18,2168,12
4856,6,564105,7024,18,2168,12
4856,6,653769,7024,18,2168,12
4876,6,541707,7044,18,2168,12
6040,18,1541183,8450,36,2410,18
4876,6,540189,7044,18,2168,12
4868,6,541214,7036,18,2168,12
4856,6,559403,7024,18,2168,12
30302,290,4260061165567,79780,862,49478,572
4868,6,823470,7036,18,2168,12
4868,6,558909,7036,18,2168,12
4868,6,535995,7036,18,2168,12
4868,6,547884,7036,18,2168,12
4876,6,532692,7044,18,2168,12
4868,6,1227389,7036,18,2168,12
4872,6,842646,7040,18,2168,12
4852,6,532776,7020,18,2168,12
4872,6,1765062,7040,18,2168,12
4856,6,834010,7024,18,2168,12
4876,6,503130511,6950,18,2074,12
16999618,104570,3739264968635,27411796,209140,10412178,104570
6040,18,1459558,8450,36,2410,18
412120,3002,4090558436669,625986,5998,213866,2996
6044,18,1706118,8454,36,2410,18
5928,16,1402794,8202,32,2274,16
435604,3148,4292097011020,659916,6290,224312,3142
5948,16,1092129,8116,32,2168,16
5940,16,1509656,8214,32,2274,16
6164,10,1442688,8332,22,2168,12
5944,16,1477844,8218,32,2274,16
4868,6,560528,7036,18,2168,12
4852,6,560538,7020,18,2168,12
5924,16,976498,8198,32,2274,16
4872,6,995582,7040,18,2168,12
4852,6,538396,7020,18,2168,12
5518,8,511091144,7798,22,2280,14
4876,6,589764,6950,18,2074,12
4852,6,577610,7020,18,2168,12
6152,10,1323603,8456,24,2304,14
5832,14,1345026,8242,32,2410,18
6168,20,1592462,8714,40,2546,20
4868,6,547929,7036,18,2168,12
4872,6,1179032,7040,18,2168,12
4868,6,838774,7036,18,2168,12
4868,6,538529,7036,18,2168,12
4876,6,545327,6950,18,2074,12
5832,14,1330011,8242,32,2410,18
952,14,184382632114,1904,28,952,14
6156,20,4853647,8702,40,2546,20
6164,10,1089740,8468,24,2304,14
4872,6,874027,7040,18,2168,12
6056,18,1533723,8466,36,2410,18
4868,6,498573386,7036,18,2168,12
92,1,31446,184,2,92,1
5502,8,1066433,7670,20,2168,12
6152,10,1395254,8456,24,2304,14
4856,6,575817,7024,18,2168,12
5940,16,1526094,8214,32,2274,16
21840,208,3090080842489,57824,624,35984,416
4852,6,531648,7020,18,2168,12
4856,6,816452,7024,18,2168,12
5514,8,659845,7794,22,2280,14
5828,14,1490987,8238,32,2410,18
4868,6,538464,7036,18,2168,12
4876,6,536620,6950,18,2074,12
4856,6,511261465,7024,18,2168,12
37578,360,5280096972703,98684,1066,61106,706
4896,72,1075009572432,9792,144,4896,72
4860,6,1182060,7028,18,2168,12
4856,6,856115,7024,18,2168,12
4352,64,952353091627,8704,128,4352,64
4872,6,872519,7040,18,2168,12
6052,18,1606817,8462,36,2410,18
4872,6,914848,7040,18,2168,12
4868,6,551014,7036,18,2168,12
5924,16,1194618,8198,32,2274,16
4856,6,577066,7024,18,2168,12
25682,246,3600096175999,67548,730,41866,484
35070,334,4980096218525,92852,1002,57782,668
4868,6,558063,7036,18,2168,12
4876,6,536357,6950,18,2074,12
4860,6,553471,6934,18,2074,12
4852,6,1680958,7020,18,2168,12
4872,6,718977,7040,18,2168,12
4856,6,581346,7024,18,2168,12
6056,18,1478105,8466,36,2410,18
4876,6,509458113,6950,18,2074,12
4872,6,872940,7040,18,2168,12
4876,6,546670,6950,18,2074,12
35490,338,5040571530144,93964,1014,58474,676
4876,6,1673329,7044,18,2168,12
56,1,39391,112,2,56,1
4872,6,1587046,7040,18,2168,12
4856,6,568188,7024,18,2168,12
5928,16,1547880,8202,32,2274,16
4868,6,512492559,7036,18,2168,12
4868,6,543763,7036,18,2168,12
36034,346,5040096279902,94508,1022,58474,676
5828,14,511188312,8238,32,2410,18
828,5,734316,1337,10,509,5
4876,6,558685,6950,18,2074,12
28202,270,3960064928163,74220,802,46018,532
4852,6,763185,7020,18,2168,12
231816,3248,4437211226078,677218,6504,445402,3256
4860,6,527956,7028,18,2168,12
4876,6,569748,7044,18,2168,12
4876,6,535572,6950,18,2074,12
5948,16,1636241,8358,34,2410,18
1360,20,276415659253,2720,40,1360,20
4868,6,555956,7036,18,2168,12
4868,6,563068,7036,18,2168,12
4852,6,556300,7020,18,2168,12
5518,8,1269328,7686,20,2168,12
4860,6,529338,6934,18,2074,12
56,1,36256,112,2,56,1
4852,6,542187,7020,18,2168,12
4860,6,585042,6934,18,2074,12
4856,6,547803,7024,18,2168,12
4860,6,771785,6934,18,2074,12
6156,20,2685933,8702,40,2546,20
4852,6,528178,7020,18,2168,12
23978,234,3240604819414,61692,670,37714,436
4860,6,844008,7028,18,2168,12
5940,16,2544250,8214,32,2274,16
6052,18,1896878,8462,36,2410,18
4868,6,572645,7036,18,2168,12
4856,6,540234,7024,18,2168,12
4868,6,577638,7036,18,2168,12
4856,6,564260,7024,18,2168,12
25992,256,3450047415929,65584,712,39592,456
6160,10,1529753,8464,24,2304,14
92,1,30379,184,2,92,1
245,3,44095982426,1148,14,903,11
4868,6,821819,7036,18,2168,12
5828,14,1389318,8238,32,2410,18
4872,6,865400,7040,18,2168,12
4860,6,875583,6934,18,2074,12
4860,6,542713,6934,18,2074,12
6296,12,3025443,8600,26,2304,14
4868,6,863172,7036,18,2168,12
4856,6,983018,7024,18,2168,12
4860,6,997257,7028,18,2168,12
4868,6,1210035,7036,18,2168,12
4868,6,527867,7036,18,2168,12
4868,6,567988,7036,18,2168,12
5836,14,1841670,8246,32,2410,18
4876,6,558829,6950,18,2074,12
4876,6,565958,6950,18,2074,12
4868,6,529143,7036,18,2168,12
4876,6,546022,7044,18,2168,12
5518,8,1068423,7686,20,2168,12
4868,6,953914,7036,18,2168,12
5948,16,1493405,8222,32,2274,16
4868,6,591058,7036,18,2168,12
5832,14,1330011,8242,32,2410,18
5820,14,3062438,8230,32,2410,18
5506,8,676688,7692,22,2186,14
4860,6,511190282,6934,18,2074,12
4872,6,1027220,7040,18,2168,12
5518,8,872674,7798,22,2280,14
2040,30,430014557941,4080,60,2040,30
4868,6,1800264,7036,18,2168,12
4868,6,858447,7036,18,2168,12
4852,6,539090,7020,18,2168,12
4872,6,587870,7040,18,2168,12
4868,6,867412,7036,18,2168,12
4856,6,575882,7024,18,2168,12
4868,6,869661,7036,18,2168,12
2856,42,613985080199,5712,84,2856,42
4860,6,526155,7028,18,2168,12
23582,226,3300096088510,61988,670,38406,444
22952,220,3210491725279,60320,652,37368,432
4872,6,1079306,7040,18,2168,12
5928,16,1364897,8202,32,2274,16
4868,6,572350,7036,18,2168,12
4852,6,539286,7020,18,2168,12
4856,6,888614,7024,18,2168,12
4856,6,511226191,7024,18,2168,12
6036,18,1084030,8446,36,2410,18
6164,10,3609799,8468,24,2304,14
4856,6,549280,7024,18,2168,12
4868,6,798360,7036,18,2168,12
4868,6,585744,7036,18,2168,12
5924,16,999298,8198,32,2274,16
4852,6,556028,7020,18,2168,12
4868,6,528223,7036,18,2168,12
5816,14,1536550,8226,32,2410,18
4856,6,502848686,7024,18,2168,12
5820,14,1539347,8230,32,2410,18
4856,6,1012866,7024,18,2168,12
4868,6,815544,7036,18,2168,12
4852,6,531580,7020,18,2168,12
4852,6,636315,7020,18,2168,12
92,1,32423,184,2,92,1
4860,6,546288,6934,18,2074,12
4876,6,549123,6950,18,2074,12
4876,6,671647,7044,18,2168,12
4868,6,995192,7036,18,2168,12
4868,6,671478,7036,18,2168,12
28622,274,4020063266927,75332,814,46710,540
4860,6,1013457,7028,18,2168,12
4868,6,545755,7036,18,2168,12
4872,6,818931,7040,18,2168,12
4860,6,575371,6934,18,2074,12
4868,6,816884,7036,18,2168,12
4876,6,539995,7044,18,2168,12
4852,6,1258458,7020,18,2168,12
4872,6,696042,7040,18,2168,12
4860,6,547064,6934,18,2074,12
5940,16,1567904,8214,32,2274,16
4868,6,508669502,7036,18,2168,12
27362,262,3840062818761,71996,778,44634,516
4852,6,830124,7020,18,2168,12
5932,16,1713578,8206,32,2274,16
6052,18,1465536,8462,36,2410,18
4868,6,529171,7036,18,2168,12
4872,6,834923,7040,18,2168,12
4868,6,862908,7036,18,2168,12
4852,6,530161,7020,18,2168,12
5832,14,1390503,8242,32,2410,18
4872,6,551716,7040,18,2168,12
5940,16,1406624,8214,32,2274,16
4868,6,755614,7036,18,2168,12
4868,6,1591916,7036,18,2168,12
280078,3924,5358747451150,817880,7856,537802,3932
4876,6,540737,6950,18,2074,12
34502,330,4860063607407,90900,982,56398,652
4856,6,990718,7024,18,2168,12
4860,6,852462,7028,18,2168,12
4860,6,550837,6934,18,2074,12
6040,18,1501916,8450,36,2410,18
56,1,509874977,168,3,112,2
246564,3454,4717754473158,720074,6916,473510,3462
5928,16,1495578,8202,32,2274,16
167100,2342,3194975740867,494450,4688,327350,2346
136,2,111101,272,4,136,2
5502,8,1070754,7670,20,2168,12
33934,326,4740192030868,88948,962,55014,636
1904,28,399490680216,3808,56,1904,28
4860,6,898007,7028,18,2168,12
4868,6,564382,7036,18,2168,12
4872,6,1170091,7040,18,2168,12
4876,6,558633,6950,18,2074,12
4868,6,511783146,7036,18,2168,12
4876,6,1598306,7044,18,2168,12
4868,6,621365,7036,18,2168,12
4852,6,556028,7020,18,2168,12
4860,6,553404,7028,18,2168,12
4876,6,550590,6950,18,2074,12
4876,6,530906,7044,18,2168,12
4868,6,1095816,7036,18,2168,12
4856,6,567523,7024,18,2168,12
92,1,39887,184,2,92,1
31180,304,4230588747766,80312,872,49132,568
4868,6,789994,7036,18,2168,12
22112,212,3090049113924,58096,628,35984,416
4868,6,813443,7036,18,2168,12
31698,304,4440096248856,83116,898,51418,594
4852,6,662841,7020,18,2168,12
4856,6,796679,7024,18,2168,12
4860,6,559661,7028,18,2168,12
4852,6,783998,7020,18,2168,12
5514,8,653517,7794,22,2280,14
4868,6,854009,7036,18,2168,12
4872,6,550728,7040,18,2168,12
36096,348,5010048837351,94224,1020,58128,672
4868,6,1081573,7036,18,2168,12
5940,16,1423723,8214,32,2274,16
4856,6,591315,7024,18,2168,12
4856,6,535527,7024,18,2168,12
4856,6,583664,7024,18,2168,12
4876,6,549450,6950,18,2074,12
5944,16,1487909,8490,36,2546,20
92,1,31305,184,2,92,1
1220378,1283,5210053329355,6631815,3767,5411437,2484
4868,6,863842,7036,18,2168,12
4860,6,873273,7028,18,2168,12
4868,6,888328,7036,18,2168,12
4868,6,568644,7036,18,2168,12
4868,6,596132,7036,18,2168,12
30240,288,4290047417599,80064,864,49824,576
4860,6,585042,6934,18,2074,12
4852,6,528178,7020,18,2168,12
4852,6,550675,7020,18,2168,12
4868,6,541582,7036,18,2168,12
4868,6,568960,7036,18,2168,12
4868,6,571178,7036,18,2168,12
4872,6,1015520,7040,18,2168,12
4872,6,894202,7040,18,2168,12
4856,6,553383,7024,18,2168,12
4876,6,572279,7044,18,2168,12
30674,302,4080573640938,77532,842,46858,540
4852,6,589671,7020,18,2168,12
4872,6,847518,7040,18,2168,12
4868,6,594504,7036,18,2168,12
4860,6,562388,6934,18,2074,12
496520,3588,4893153010965,752232,7170,255712,3582
4868,6,864460,7036,18,2168,12
4868,6,546541,7036,18,2168,12
6052,18,1644959,8462,36,2410,18
4876,6,771727,7044,18,2168,12
5518,8,1165207,7686,20,2168,12
4856,6,860237,7024,18,2168,12
4872,6,1004500,7040,18,2168,12
4856,6,561021,7024,18,2168,12
56,1,38268,116,2,60,1
4876,6,548346,6950,18,2074,12
4852,6,592247,7020,18,2168,12
92,1,31015,184,2,92,1
4872,6,544099,7040,18,2168,12
904439,951,3855169631161,4907289,2788,4002850,1837
4872,6,563545,7040,18,2168,12
4876,6,548436,7044,18,2168,12
54668,632,4710082308251,88800,962,34132,330
6164,20,2029629,8710,40,2546,20
4860,6,977561,7028,18,2168,12
5576,82,1228991434788,11152,164,5576,82
816,12,153377882636,1632,24,816,12
5514,8,1387074,7682,20,2168,12
4852,6,539835,7020,18,2168,12
4856,6,797815,7024,18,2168,12
37590,358,5340097315750,99524,1074,61934,716
6152,10,1203308,8456,24,2304,14
6052,18,1475601,8462,36,2410,18
4856,6,557130,7024,18,2168,12
4876,6,556481,6950,18,2074,12
4876,6,531817,7044,18,2168,12
400650,2884,3930049074701,606530,5768,205880,2884
4856,6,1017704,7024,18,2168,12
5506,8,1162125,7786,22,2280,14
5948,16,1590164,8358,34,2410,18
4852,6,272283607,7020,18,2168,12
6152,10,1795581,8456,24,2304,14
4876,6,533935,7044,18,2168,12
4876,6,571628,6950,18,2074,12
4868,6,997985,7036,18,2168,12
4868,6,822407,7036,18,2168,12
4872,6,1105502,7040,18,2168,12
30932,296,4350112188203,81448,880,50516,584
5932,16,1449230,8206,32,2274,16
5948,16,1345676,8222,32,2274,16
4868,6,815227,7036,18,2168,12
38072,364,5370085333910,100352,1084,62280,720
4868,6,1591892,7036,18,2168,12
4872,6,848720,7040,18,2168,12
6168,10,1631724,8472,24,2304,14
4876,6,575632,7044,18,2168,12
4868,6,860217,7036,18,2168,12
4872,6,845722,7040,18,2168,12
4856,6,838426,7024,18,2168,12
6152,10,1907480,8456,24,2304,14
4852,6,588784,7020,18,2168,12
4868,6,571659,7036,18,2168,12
4872,6,808724,7040,18,2168,12
4852,6,552118,7020,18,2168,12
36616,360,4890587462300,92816,1008,56200,648
5502,8,2749414,7670,20,2168,12
4868,6,625187,7036,18,2168,12
4868,6,571720,7036,18,2168,12
4852,6,560783,7020,18,2168,12
4868,6,523132,7036,18,2168,12
4872,6,863861,7040,18,2168,12
5944,16,1404060,8218,32,2274,16
4876,6,764094,7044,18,2168,12
4868,6,522111,7036,18,2168,12
5836,14,1395729,8246,32,2410,18
4868,6,872640,7036,18,2168,12
4876,6,543655,6950,18,2074,12
4872,6,1004616,7040,18,2168,12
4876,6,545981,7044,18,2168,12
21754,210,3000096252837,56700,614,34946,404
5514,8,683190,7794,22,2280,14
4876,6,532740,7044,18,2168,12
5514,8,1394552,7794,22,2280,14
5932,16,1588280,8206,32,2274,16
4876,6,610131,7044,18,2168,12
4856,6,583278,7024,18,2168,12
4876,6,545441,7044,18,2168,12
5522,8,701681,7708,22,2186,14
4852,6,563655,7020,18,2168,12
4868,6,538819,7036,18,2168,12
6060,18,1843226,8470,36,2410,18
5820,14,1359562,8230,32,2410,18
28684,276,3989985576695,75048,812,46364,536
4852,6,676688,7020,18,2168,12
22804,220,3150080254301,59480,644,36676,424
4868,6,558959,7036,18,2168,12
4852,6,557504,7020,18,2168,12
4856,6,567081,7024,18,2168,12
4876,6,519519,7044,18,2168,12
4860,6,539110,6934,18,2074,12
4872,6,885285,7040,18,2168,12
30870,294,4380096611802,81732,882,50862,588
4876,6,572325,6950,18,2074,12
27360381,18449,4340576478225,152362837,35687,125002456,17238
4860,6,714319,7028,18,2168,12
6044,18,1626951,8454,36,2410,18
4852,6,677885,7020,18,2168,12
36812,352,5190081657880,97016,1048,60204,696
4852,6,1102752,7020,18,2168,12
4856,6,856470,7024,18,2168,12
4868,6,560893,7036,18,2168,12
4876,6,577715,7044,18,2168,12
5816,14,1756071,8226,32,2410,18
4872,6,883899,7040,18,2168,12
4868,6,851526,7036,18,2168,12
56,1,509813787,168,3,112,2
5506,8,1233567,7674,20,2168,12
4868,6,839646,7036,18,2168,12
4852,6,553323,7020,18,2168,12
4868,6,1096586,7036,18,2168,12
33677854,23985,5330560997556,187164097,45386,153486243,21401
4872,6,1402649,7040,18,2168,12
5940,16,1368602,8214,32,2274,16
1224,18,245440724715,2448,36,1224,18
5932,16,1816541,8206,32,2274,16
4852,6,1258458,7020,18,2168,12
6056,18,3846513,8466,36,2410,18
4868,6,542164,7036,18,2168,12
4868,6,564802,7036,18,2168,12
4868,6,571582,7036,18,2168,12
5522,8,672807,7802,22,2280,14
4860,6,535823,7028,18,2168,12
4860,6,845940,7028,18,2168,12
6036,18,1202265,8446,36,2410,18
4872,6,870111,7040,18,2168,12
4876,6,529555,6950,18,2074,12
4876,6,535531,7044,18,2168,12
1496,22,306917068658,2992,44,1496,22
4872,6,542834,7040,18,2168,12
4876,6,555277,6950,18,2074,12
4868,6,541503,7036,18,2168,12
384926,2804,3820063270675,585070,5608,200144,2804
4856,6,867434,7024,18,2168,12
4868,6,559808,7036,18,2168,12
4852,6,540173,7020,18,2168,12
28622,274,4020065024742,75332,814,46710,540
4872,6,828930,7040,18,2168,12
188474,2640,3606202230193,550638,5288,362164,2648
33650,324,4680571593624,87836,950,54186,626
4852,6,570791,7020,18,2168,12
4872,6,743571,7040,18,2168,12
491564,3580,4881600799667,746658,7154,255094,3574
4852,6,568276,7020,18,2168,12
4860,6,863617,7028,18,2168,12
4868,6,791953,7036,18,2168,12
6160,10,1472480,8464,24,2304,14
5498,8,706062,7778,22,2280,14
4868,6,1505749,7036,18,2168,12
4852,6,615845,7020,18,2168,12
4852,6,575350,7020,18,2168,12
4872,6,937946,7040,18,2168,12
4876,6,788699,7044,18,2168,12
29882,286,4200096166204,78668,850,48786,564
4876,6,541428,6950,18,2074,12
4856,6,563892,7024,18,2168,12
544,8,91808190567,1088,16,544,8
4868,6,539071,7036,18,2168,12
4868,6,557586,7036,18,2168,12
3264,48,706400678536,6528,96,3264,48
4868,6,843133,7036,18,2168,12
4868,6,571298,7036,18,2168,12
4872,6,788510,7040,18,2168,12
5828,14,1353393,8238,32,2410,18
4876,6,553490,7044,18,2168,12
4876,6,535986,7044,18,2168,12
6164,20,1753800,8710,40,2546,20
406262,2936,4001569986331,615418,5866,209156,2930
4868,6,832094,7036,18,2168,12
4852,6,550086,7020,18,2168,12
4868,6,864066,7036,18,2168,12
4876,6,1464851,7044,18,2168,12
5928,16,1333283,8202,32,2274,16
4868,6,984901,7036,18,2168,12
4876,6,546920,6950,18,2074,12
4852,6,558232,7020,18,2168,12
4868,6,1705853,7036,18,2168,12
4860,6,575285,6934,18,2074,12
4856,6,512553084,7024,18,2168,12
4876,6,539413,7044,18,2168,12
30080,290,4170555836900,78384,848,48304,558
4856,6,980188,7024,18,2168,12
5932,16,1851072,8206,32,2274,16
4872,6,553058,7040,18,2168,12
47748,552,4110049587185,77544,840,29796,288
5944,16,1420567,8354,34,2410,18
5518,8,1188602,7686,20,2168,12
6036,18,1127227,8446,36,2410,18
5828,14,1501082,8238,32,2410,18
5828,14,1378977,8238,32,2410,18
4856,6,1055503,7024,18,2168,12
5816,14,1381743,8226,32,2410,18
5820,14,1361265,8230,32,2410,18
4872,6,1369926,7040,18,2168,12
4852,6,527117,7020,18,2168,12
4860,6,539366,7028,18,2168,12
4872,6,816795,7040,18,2168,12
4872,6,542516,7040,18,2168,12
4872,6,870111,7040,18,2168,12
4876,6,539106,6950,18,2074,12
952,14,183970391281,1904,28,952,14
4868,6,544451,7036,18,2168,12
4872,6,824703,7040,18,2168,12
4876,6,554345,6950,18,2074,12
4868,6,540725,7036,18,2168,12
4868,6,541478,7036,18,2168,12
6300,12,1031138,8604,26,2304,14
3400,50,737407610409,6800,100,3400,50
3264,48,706432818083,6528,96,3264,48
4872,6,896929,7040,18,2168,12
4860,6,540046,6934,18,2074,12
4856,6,833845,7024,18,2168,12
4868,6,1071460,7036,18,2168,12
5518,8,512625299,7798,22,2280,14
4876,6,549928,7044,18,2168,12
25620,244,3630082188075,67832,732,42212,488
1152983,1211,4920056440198,6264149,3555,5111166,2344
92,1,32223,184,2,92,1
35342,338,4980096163584,93124,1006,57782,668
5498,8,660748,7778,22,2280,14
6148,20,1202186,8694,40,2546,20
4868,6,1003818,7036,18,2168,12
4856,6,547340,7024,18,2168,12
4872,6,851722,7040,18,2168,12
6156,20,1781900,8702,40,2546,20
4876,6,857122,7044,18,2168,12
38764,372,5430082318262,101736,1100,62972,728
6152,10,1323603,8456,24,2304,14
1078877,1135,4605184156731,5858942,3329,4780065,2194
4876,6,541363,7044,18,2168,12
4868,6,507916256,7036,18,2168,12
4352,64,952319669020,8704,128,4352,64
2312,34,491808005799,4624,68,2312,34
4876,6,562255,6950,18,2074,12
5956,16,1357815,8124,32,2168,16
4876,6,532342,7044,18,2168,12
4868,6,878756,7036,18,2168,12
4852,6,532670,7020,18,2168,12
4876,6,535225,6950,18,2074,12
173998,2438,3335171596491,513130,4888,339132,2450
4868,6,557050,7036,18,2168,12
5828,14,1490987,8238,32,2410,18
4872,6,892774,7040,18,2168,12
4872,6,805756,7040,18,2168,12
4872,6,824348,7040,18,2168,12
4856,6,511261465,7024,18,2168,12
4868,6,508555015,7036,18,2168,12
5924,16,2031737,8198,32,2274,16
5518,8,872674,7798,22,2280,14
4856,6,546273,7024,18,2168,12
4856,6,589085,7024,18,2168,12
4856,6,545764,7024,18,2168,12
5502,8,1044572,7670,20,2168,12
5514,8,669888,7794,22,2280,14
5440,80,1197925384267,10880,160,5440,80
4852,6,1442430,7020,18,2168,12
4876,6,575269,7044,18,2168,12
28474,274,3959969617645,74492,806,46018,532
6152,20,1660841,8698,40,2546,20
4868,6,627311,7036,18,2168,12
5924,16,990848,8198,32,2274,16
4860,6,526091,7028,18,2168,12
26164,252,3630080408023,68376,740,42212,488
4856,6,1793028,7024,18,2168,12
4852,6,666983,7020,18,2168,12
4852,6,543026,7020,18,2168,12
6148,10,1276558,8452,24,2304,14
4852,6,614740,7020,18,2168,12
6164,10,1848419,8332,22,2168,12
4876,6,539813,6950,18,2074,12
6060,18,1632063,8470,36,2410,18
4876,6,546875,7044,18,2168,12
4856,6,841091,7024,18,2168,12
6056,18,1578298,8466,36,2410,18
4868,6,785825,7036,18,2168,12
24002,230,3360096534134,63100,682,39098,452
4872,6,790293,7040,18,2168,12
4872,6,1001958,7040,18,2168,12
4856,6,807520,7024,18,2168,12
4852,6,548028,7020,18,2168,12
4856,6,563095,7024,18,2168,12
4852,6,588444,7020,18,2168,12
4856,6,816640,7024,18,2168,12
4860,6,541341,7028,18,2168,12
4860,6,580715,6934,18,2074,12
31622949,21869,5010560739933,175946191,41924,144323242,20055
4876,6,553783,7044,18,2168,12
5514,8,921065,7682,20,2168,12
1088,16,215008231919,2176,32,1088,16
27770,268,3840571399963,72268,782,44498,514
4852,6,555061,7020,18,2168,12
4868,6,561846,7036,18,2168,12
6148,20,1425583,8694,40,2546,20
56,1,509874977,168,3,112,2
4852,6,562642,7020,18,2168,12
2448,36,521922289077,4896,72,2448,36
4868,6,546413,7036,18,2168,12
4868,6,927834,7036,18,2168,12
4876,6,629001,7044,18,2168,12
6152,10,1510149,8456,24,2304,14
4872,6,873637,7040,18,2168,12
4852,6,551943,7020,18,2168,12
4860,6,531030,7028,18,2168,12
4872,6,546466,7040,18,2168,12
6152,10,1424936,8456,24,2304,14
27214,262,3780097443825,71156,770,43942,508
4876,6,1628172,6950,18,2074,12
4872,6,1310254,7040,18,2168,12
4868,6,605032,7036,18,2168,12
5522,8,1439726,7690,20,2168,12
4868,6,571586,7036,18,2168,12
4852,6,733499,7020,18,2168,12
1224,18,245727197988,2448,36,1224,18
4876,6,533336,6950,18,2074,12
4876,6,594205,7044,18,2168,12
6148,10,1125982,8452,24,2304,14
4868,6,936710,7036,18,2168,12
4872,6,821406,7040,18,2168,12
4868,6,558733,7036,18,2168,12
4872,6,626186,7040,18,2168,12
4852,6,529422,7020,18,2168,12
27362,262,3840064261109,71996,778,44634,516
4856,6,840909,7024,18,2168,12
4868,6,816634,7036,18,2168,12
6052,18,1568241,8598,38,2546,20
4856,6,527318,7024,18,2168,12
6052,18,1630907,8462,36,2410,18
4868,6,878298,7036,18,2168,12
4868,6,574336,7036,18,2168,12
275096,3854,5272610963512,810172,7720,535076,3866
5940,16,1399446,8214,32,2274,16
4852,6,543608,7020,18,2168,12
1360,20,276291272595,2720,40,1360,20
4868,6,538642,7036,18,2168,12
35268,338,4950080431500,92568,1000,57300,662
38172,372,5190588981925,98376,1068,60204,696
4868,6,539169,7036,18,2168,12
5928,16,1391644,8202,32,2274,16
1552712,1638,3300057654333,8416482,4792,6863770,3154
5940,16,1338336,8214,32,2274,16
4876,6,537405,7044,18,2168,12
5928,16,1442598,8338,34,2410,18
4868,6,788602,7036,18,2168,12
4868,6,1106055,7036,18,2168,12
4872,6,884671,7040,18,2168,12
5940,16,1523152,8214,32,2274,16
4876,6,545952,6950,18,2074,12
4868,6,867930,7036,18,2168,12
4868,6,589491,7036,18,2168,12
56,1,277259026,168,3,112,2
5514,8,1200234,7682,20,2168,12
26880,256,3810078307407,71168,768,44288,512
4872,6,853715,7040,18,2168,12
4852,6,540270,7020,18,2168,12
5948,16,1780094,8222,32,2274,16
6040,18,1660191,8450,36,2410,18
4852,6,1238498,7020,18,2168,12
4852,6,542203,7020,18,2168,12
136,2,175475,272,4,136,2
535174,3852,5252125059390,809726,7698,274552,3846
56,1,67132,168,3,112,2
56,1,510073243,168,3,112,2
6164,10,1352887,8468,24,2304,14
4868,6,554715,7036,18,2168,12
4868,6,860314,7036,18,2168,12
4856,6,536008,7024,18,2168,12
4868,6,1004066,7036,18,2168,12
38406,370,5340097024965,100340,1086,61934,716
4856,6,603046,7024,18,2168,12
4852,6,510790685,7020,18,2168,12
4872,6,858678,7040,18,2168,12
5940,16,1403611,8350,34,2410,18
4852,6,576950,7020,18,2168,12
4856,6,559025,7024,18,2168,12
63664,736,5490558236763,103936,1128,40272,392
28400,274,3930556167930,73936,800,45536,526
5498,8,629260,7666,20,2168,12
5828,14,1401546,8238,32,2410,18
4876,6,542935,6950,18,2074,12
18635888,114632,4099265888703,30049960,229264,11414072,114632
4852,6,533594,7020,18,2168,12
4860,6,879191,7028,18,2168,12
5836,14,1947426,8246,32,2410,18
5924,16,1080271,8334,34,2410,18
4872,6,720921,7040,18,2168,12
4868,6,537626,7036,18,2168,12
4868,6,543561,7036,18,2168,12
171884,2408,3295202085456,506860,4828,334976,2420
4872,6,1237143,7040,18,2168,12
6060,18,1875238,8470,36,2410,18
4868,6,543626,7036,18,2168,12
4868,6,566013,7036,18,2168,12
5928,16,1465367,8202,32,2274,16
4856,6,552683,7024,18,2168,12
36750,350,5220065628129,97300,1050,60550,700
4876,6,533565,6950,18,2074,12
4856,6,649196,7024,18,2168,12
4868,6,560635,7036,18,2168,12
4868,6,542750,7036,18,2168,12
26880,256,3810080954971,71168,768,44288,512
4860,6,533261,6934,18,2074,12
4872,6,561593,7040,18,2168,12
4876,6,534728,7044,18,2168,12
6052,18,1500985,8462,36,2410,18
219874,3080,4207225119784,642222,6168,422348,3088
4868,6,1101434,7036,18,2168,12
4872,6,1128837,7040,18,2168,12
5928,16,1572474,8338,34,2410,18
5812,14,1064532,8222,32,2410,18
4868,6,557586,7036,18,2168,12
4852,6,546658,7020,18,2168,12
4860,6,716783,6934,18,2074,12
5506,8,1134143,7786,22,2280,14
6148,20,1221515,8694,40,2546,20
4852,6,545110,7020,18,2168,12
4860,6,540763,7028,18,2168,12
4856,6,654887,7024,18,2168,12
4852,6,833806,7020,18,2168,12
4876,6,552814,6950,18,2074,12
92,1,32960,184,2,92,1
4868,6,848416,7036,18,2168,12
4876,6,539584,6950,18,2074,12
247788,3472,4747743917739,730058,6956,482270,3484
5940,16,1528180,8214,32,2274,16
6168,10,737714,8472,24,2304,14
92,1,753921,184,2,92,1
92,1,97259,184,2,92,1
6148,10,1154576,8452,24,2304,14
4868,6,729247,7036,18,2168,12
4868,6,552015,7036,18,2168,12
4876,6,570299,7044,18,2168,12
4872,6,865414,7040,18,2168,12
4876,6,649709,7044,18,2168,12
4868,6,564902,7036,18,2168,12
4876,6,689565,7044,18,2168,12
4856,6,676655,7024,18,2168,12
4872,6,866869,7040,18,2168,12
4860,6,669531,6934,18,2074,12
6148,10,1125982,8452,24,2304,14
5514,8,653517,7794,22,2280,14
4852,6,1149023,7020,18,2168,12
4876,6,777966,7044,18,2168,12
5948,16,1696456,8358,34,2410,18
92,1,42879,184,2,92,1
4868,6,563049,7036,18,2168,12
4868,6,673966,7036,18,2168,12
5514,8,666117,7794,22,2280,14
4868,6,797341,7036,18,2168,12
4860,6,541933,6934,18,2074,12
4856,6,600494,7024,18,2168,12
5832,14,1345026,8242,32,2410,18
4868,6,569893,7036,18,2168,12
4856,6,541604,7024,18,2168,12
4868,6,897750,7036,18,2168,12
4852,6,529224,7020,18,2168,12
4868,6,585258,7036,18,2168,12
4856,6,729590,7024,18,2168,12
4852,6,931726,7020,18,2168,12
4860,6,509567386,7028,18,2168,12
37022,354,5220063517482,97572,1054,60550,700
4876,6,536643,7044,18,2168,12
4868,6,551529,7036,18,2168,12
4876,6,549822,7044,18,2168,12
4872,6,880744,7040,18,2168,12
5948,16,1696456,8358,34,2410,18
4872,6,825027,7040,18,2168,12
4860,6,871553,7028,18,2168,12
4856,6,571438,7024,18,2168,12
4868,6,569077,7036,18,2168,12
4876,6,559608,6950,18,2074,12
92,1,31654,184,2,92,1
6044,18,1524286,8454,36,2410,18
4872,6,914848,7040,18,2168,12
4860,6,536596,6934,18,2074,12
1224,18,245377999309,2448,36,1224,18
4872,6,828253,7040,18,2168,12
4872,6,558302,7040,18,2168,12
4852,6,575132,7020,18,2168,12
4868,6,553643,7036,18,2168,12
26568729,17467,4220580633060,148094979,34171,121526250,16704
5518,8,1065706,7686,20,2168,12
4872,6,1020010,7040,18,2168,12
4868,6,583362,7036,18,2168,12
4876,6,543966,7044,18,2168,12
5836,14,1378299,8246,32,2410,18
4852,6,682825,7020,18,2168,12
35504,348,4770557674042,90320,980,54816,632
4872,6,842759,7040,18,2168,12
4868,6,556723,7036,18,2168,12
4868,6,547040,7036,18,2168,12
29488,290,3930556174757,74752,812,45264,522
4856,6,798908,7024,18,2168,12
4860,6,540046,6934,18,2074,12
4872,6,530992,7040,18,2168,12
4856,6,561332,7024,18,2168,12
4852,6,510322493,7020,18,2168,12
434160,3162,4310560031200,659424,6318,225264,3156
4856,6,538088,7024,18,2168,12
4856,6,820215,7024,18,2168,12
4868,6,1159891,7036,18,2168,12
4860,6,745993,7028,18,2168,12
4872,6,838720,7040,18,2168,12
4876,6,533750,6950,18,2074,12
4872,6,983091,7040,18,2168,12
4852,6,526174,7020,18,2168,12
5932,16,1500097,8206,32,2274,16
56,1,34947,112,2,56,1
6296,12,3025443,8600,26,2304,14
4852,6,502115870,7020,18,2168,12
25324,244,3510081413711,66152,716,40828,472
5924,16,1053961,8334,34,2410,18
5514,8,678603,7794,22,2280,14
4876,6,550453,6950,18,2074,12
4876,6,539466,7044,18,2168,12
4860,6,527943,6934,18,2074,12
4856,6,729590,7024,18,2168,12
4860,6,1698801,7028,18,2168,12
4860,6,796620,7028,18,2168,12
4860,6,817173,7028,18,2168,12
4876,6,525551,6950,18,2074,12
5514,8,1154771,7682,20,2168,12
4868,6,577269,7036,18,2168,12
4856,6,551264,7024,18,2168,12
4872,6,993954,7040,18,2168,12
5924,16,999089,8198,32,2274,16
4856,6,1103699,7024,18,2168,12
4868,6,557547,7036,18,2168,12
5828,14,1493942,8238,32,2410,18
4860,6,575943,6934,18,2074,12
4868,6,806547,7036,18,2168,12
4856,6,860371,7024,18,2168,12
4876,6,565614,6950,18,2074,12
4872,6,968214,7040,18,2168,12
206968,2900,3966211460508,610052,5812,403084,2912
4860,6,859265,7028,18,2168,12
4852,6,585225,7020,18,2168,12
30970,302,4200604726038,79756,866,48786,564
4872,6,857505,7040,18,2168,12
4876,6,548383,6950,18,2074,12
5828,14,1466896,8238,32,2410,18
4852,6,677885,7020,18,2168,12
342316,2474,3370562848678,518502,4942,176186,2468
4876,6,613716,6950,18,2074,12
4872,6,559925,7040,18,2168,12
4856,6,539341,7024,18,2168,12
4852,6,529733,7020,18,2168,12
92,1,30140,184,2,92,1
4876,6,757269,7044,18,2168,12
4868,6,541020,7036,18,2168,12
361648,2634,3589536025892,549640,5268,187992,2634
4868,6,717567,7036,18,2168,12
4852,6,836197,7020,18,2168,12
4868,6,569644,7036,18,2168,12
4852,6,548669,7020,18,2168,12
4868,6,780740,7036,18,2168,12
4860,6,569433,6934,18,2074,12
4872,6,540849,7040,18,2168,12
5924,16,1103587,8334,34,2410,18
5518,8,1269328,7686,20,2168,12
4872,6,831861,7040,18,2168,12
34922,334,4920099086135,92012,994,57090,660
4852,6,589794,7020,18,2168,12
4872,6,560464,7040,18,2168,12
4876,6,567616,7044,18,2168,12
4856,6,681955,7024,18,2168,12
5712,84,1259489347876,11424,168,5712,84
4872,6,679135,7040,18,2168,12
560742,4036,5502620789071,848398,8066,287656,4030
4872,6,861910,7040,18,2168,12
5506,8,1113827,7786,22,2280,14
4852,6,540948,7020,18,2168,12
4872,6,794241,7040,18,2168,12
1427142,1508,3030055709226,7730790,4406,6303648,2898
4856,6,565092,7024,18,2168,12
4852,6,587245,7020,18,2168,12
4868,6,2198276,7036,18,2168,12
4856,6,585827,7024,18,2168,12
4868,6,850575,7036,18,2168,12
4868,6,849141,7036,18,2168,12
6052,18,1542276,8462,36,2410,18
5502,8,1194535,7670,20,2168,12
4868,6,541816,7036,18,2168,12
6168,20,1726081,8714,40,2546,20
4872,6,546466,7040,18,2168,12
4852,6,578063,7020,18,2168,12
4868,6,575275,7036,18,2168,12
4852,6,550360,7020,18,2168,12
4872,6,844824,7040,18,2168,12
92,1,49668,184,2,92,1
6044,18,1524286,8454,36,2410,18
4860,6,974604,7028,18,2168,12
6052,18,1659083,8462,36,2410,18
5952,16,2093707,8120,32,2168,16
5948,16,1410434,8222,32,2274,16
22890,218,3240096245096,60604,654,37714,436
6164,10,1727128,8468,24,2304,14
4856,6,1017699,7024,18,2168,12
4868,6,548554,7036,18,2168,12
4856,6,551920,7024,18,2168,12
4856,6,554859,7024,18,2168,12
6296,12,1598657,8600,26,2304,14
5712,84,1259489154074,11424,168,5712,84
4860,6,543131,7028,18,2168,12
6160,10,1279279,8464,24,2304,14
4872,6,531783,7040,18,2168,12
5940,16,1510104,8214,32,2274,16
92,1,1317494,184,2,92,1
23818514,146514,5239266003319,38407116,293028,14588602,146514
4860,6,535525,7028,18,2168,12
4856,6,527365,7024,18,2168,12
4868,6,565940,7036,18,2168,12
4860,6,1385104,7028,18,2168,12
1904,28,399456501041,3808,56,1904,28
5940,16,1483154,8350,34,2410,18
5820,14,510581972,8230,32,2410,18
4856,6,919343,7024,18,2168,12
4872,6,1156085,7040,18,2168,12
4860,6,532126,7028,18,2168,12
4872,6,788279,7040,18,2168,12
4852,6,568276,7020,18,2168,12
4860,6,751739,7028,18,2168,12
4856,6,541172,7024,18,2168,12
4876,6,533880,6950,18,2074,12
34540,336,4710588753711,89208,968,54668,632
5124,10,506390912,7292,22,2168,12
38616,372,5370082808052,100896,1092,62280,720
24768,238,3450080700375,64768,700,40000,462
4860,6,549746,7028,18,2168,12
6164,10,1362838,8468,24,2304,14
4852,6,558589,7020,18,2168,12
4872,6,552628,7040,18,2168,12
4868,6,549508,7036,18,2168,12
4876,6,544523,7044,18,2168,12
4852,6,645924,7020,18,2168,12
4860,6,558576,6934,18,2074,12
4876,6,634374,7044,18,2168,12
4868,6,531432,7036,18,2168,12
551336,3984,5433986057688,835308,7962,283972,3978
4872,6,805842,7040,18,2168,12
92,1,32434,184,2,92,1
32340,308,4590555494774,85624,924,53284,616
4876,6,547761,6950,18,2074,12
4868,6,558356,7036,18,2168,12
49824,576,4290047145665,80880,876,31056,300
4860,6,543365,7028,18,2168,12
36750,350,5220065628129,97300,1050,60550,700
5932,16,1405581,8206,32,2274,16
4868,6,537965,7036,18,2168,12
5948,16,1577936,8358,34,2410,18
56,1,4397837,168,3,112,2
6044,18,1830877,8454,36,2410,18
4868,6,962722,7036,18,2168,12
4872,6,808990,7040,18,2168,12
4868,6,668936,7036,18,2168,12
4860,6,536857,7028,18,2168,12
4868,6,777222,7036,18,2168,12
4876,6,580770,7044,18,2168,12
4868,6,818892,7036,18,2168,12
25954,250,3600064284367,67820,734,41866,484
5832,14,1410937,8242,32,2410,18
35490,338,5040062861498,93964,1014,58474,676
680,10,122878729935,1360,20,680,10
4860,6,570369,7028,18,2168,12
56,1,33328,116,2,60,1
5928,16,1771779,8338,34,2410,18
4852,6,568146,7020,18,2168,12
5828,14,1393145,8238,32,2410,18
5836,14,1680001,8246,32,2410,18
4860,6,561226,7028,18,2168,12
4872,6,912877,7040,18,2168,12
4872,6,531369,7040,18,2168,12
4876,6,527978,7044,18,2168,12
1632,24,337570310572,3264,48,1632,24
4856,6,557508,7024,18,2168,12
56,1,33658,112,2,56,1
32674,314,4560096675592,85612,926,52938,612
5948,16,2162363,8358,34,2410,18
4856,6,893890,7024,18,2168,12
4872,6,810351,7040,18,2168,12
4872,6,859656,7040,18,2168,12
5522,8,658720,7802,22,2280,14
4872,6,993376,7040,18,2168,12
6060,18,1602736,8470,36,2410,18
4868,6,830836,7036,18,2168,12
4868,6,525942,7036,18,2168,12
5518,8,1037115,7686,20,2168,12
4876,6,568302,7044,18,2168,12
4872,6,975990,7040,18,2168,12
4868,6,834003,7036,18,2168,12
160820,2254,3074656711973,475898,4512,315078,2258
4860,6,870126,7028,18,2168,12
2992,44,645375254483,5984,88,2992,44
4872,6,2437454,7040,18,2168,12
4856,6,830992,7024,18,2168,12
5828,14,2684482,8238,32,2410,18
4860,6,526699,7028,18,2168,12
4868,6,813289,7036,18,2168,12
6152,10,1281159,8456,24,2304,14
4872,6,2090853,7040,18,2168,12
4876,6,531215,6950,18,2074,12
282328,3956,5408516038861,831594,7924,549266,3968
4868,6,990818,7036,18,2168,12
4860,6,525951,7028,18,2168,12
5940,16,1539132,8214,32,2274,16
4876,6,1137587,7044,18,2168,12
4856,6,821307,7024,18,2168,12
6152,10,1418120,8456,24,2304,14
4868,6,1140837,7036,18,2168,12
4872,6,855457,7040,18,2168,12
4852,6,543750,7020,18,2168,12
4852,6,1995893,7020,18,2168,12
4856,6,570981,7024,18,2168,12
4868,6,544819,7036,18,2168,12
38974,374,5460445555126,102292,1106,63318,732
4856,6,828165,7024,18,2168,12
4860,6,981067,7028,18,2168,12
4876,6,546776,7044,18,2168,12
4876,6,545852,6950,18,2074,12
4852,6,530137,7020,18,2168,12
4868,6,1728177,7036,18,2168,12
25954,250,3600096742572,67820,734,41866,484
4856,6,570433,7024,18,2168,12
4868,6,804601,7036,18,2168,12
4852,6,532574,7020,18,2168,12
4856,6,547552,7024,18,2168,12
4868,6,1038248,7036,18,2168,12
4872,6,1041082,7040,18,2168,12
4872,6,554921,7040,18,2168,12
4876,6,557024,6950,18,2074,12
4868,6,1540308,7036,18,2168,12
5924,16,1070296,8334,34,2410,18
4856,6,589339,7024,18,2168,12
4856,6,1475650,7024,18,2168,12
4868,6,509104322,7036,18,2168,12
4852,6,529551,7020,18,2168,12
4852,6,568276,7020,18,2168,12
4872,6,524098,7040,18,2168,12
4852,6,564737,7020,18,2168,12
92,1,30719,184,2,92,1
4872,6,847332,7040,18,2168,12
4876,6,538858,6950,18,2074,12
229492,3216,4386721464380,678708,6436,449216,3220
5940,16,1386677,8214,32,2274,16
5940,16,1336690,8214,32,2274,16
4856,6,829284,7024,18,2168,12
4852,6,883870,7020,18,2168,12
4876,6,546022,7044,18,2168,12
4860,6,883266,7028,18,2168,12
6160,10,1302515,8464,24,2304,14
6148,10,1377801,8452,24,2304,14
6164,10,1130674,8468,24,2304,14
4852,6,550675,7020,18,2168,12
56,1,33328,116,2,60,1
4868,6,2327092,7036,18,2168,12
5506,8,662083,7692,22,2186,14
4860,6,535060,7028,18,2168,12
4868,6,538418,7036,18,2168,12
4876,6,549921,7044,18,2168,12
29706336,20015,4710593248409,165442579,38814,135736243,18799
4856,6,810839,7024,18,2168,12
4856,6,580597,7024,18,2168,12
5940,16,1461696,8350,34,2410,18
34564,332,4830084868456,90616,980,56052,648
56,1,1211942,168,3,112,2
33094,318,4620096529452,86724,938,53630,620
4868,6,537089,7036,18,2168,12
4876,6,532996,6950,18,2074,12
4868,6,535724,7036,18,2168,12
28364,280,3750557698718,71416,776,43052,496
4852,6,580468,7020,18,2168,12
4856,6,584300,7024,18,2168,12
4876,6,538118,7044,18,2168,12
4860,6,1563280,7028,18,2168,12
5502,8,704498,7782,22,2280,14
5928,16,1461815,8202,32,2274,16
31982,306,4500063147479,84228,910,52246,604
4868,6,591705,7036,18,2168,12
4876,6,528695,7044,18,2168,12
6036,18,1127122,8446,36,2410,18
4876,6,524051,7044,18,2168,12
28770,274,4080096708228,76172,822,47402,548
4872,6,886167,7040,18,2168,12
4856,6,763308,7024,18,2168,12
4868,6,936464,7036,18,2168,12
5502,8,754907,7782,22,2280,14
5928,16,1484415,8338,34,2410,18
2040,30,430017063944,4080,60,2040,30
4856,6,767217,7024,18,2168,12
5948,16,2075313,8222,32,2274,16
4876,6,620247,6950,18,2074,12
4876,6,771727,7044,18,2168,12
6052,18,1492080,8462,36,2410,18
6160,10,1330993,8464,24,2304,14
19597251,11476,3130561005785,109675113,23794,90077862,12318
4868,6,886756,7036,18,2168,12
5944,16,1372474,8218,32,2274,16
6172,20,1726442,8718,40,2546,20
4852,6,1051006,7020,18,2168,12
5502,8,1492695,7782,22,2280,14
4868,6,915677,7036,18,2168,12
4872,6,521131199,7040,18,2168,12
4852,6,552633,7020,18,2168,12
4852,6,563787,7020,18,2168,12
136,2,170758,272,4,136,2
2992,44,644895549023,5984,88,2992,44
5518,8,1085535,7686,20,2168,12
4868,6,840656,7036,18,2168,12
4876,6,558685,6950,18,2074,12
5948,16,1666334,8222,32,2274,16
2992,44,644895549023,5984,88,2992,44
4876,6,541846,7044,18,2168,12
4852,6,552240,7020,18,2168,12
5506,8,664877,7692,22,2186,14
4852,6,546238,7020,18,2168,12
4876,6,557151,7044,18,2168,12
4856,6,538888,7024,18,2168,12
4872,6,877050,7040,18,2168,12
4876,6,531009,6950,18,2074,12
4852,6,535791,7020,18,2168,12
33020,318,4590555801558,86168,932,53148,614
4876,6,528616,6950,18,2074,12
4868,6,572350,7036,18,2168,12
4860,6,870210,7028,18,2168,12
5924,16,1939255,8198,32,2274,16
39074,382,5280573642013,99772,1082,60698,700
4876,6,594685,6950,18,2074,12
4868,6,604299,7036,18,2168,12
4868,6,579113,7036,18,2168,12
4856,6,559246,7024,18,2168,12
4868,6,810910,7036,18,2168,12
4876,6,535074,6950,18,2074,12
4868,6,2002802,7036,18,2168,12
5932,16,1353305,8206,32,2274,16
5522,8,918246,7802,22,2280,14
6152,10,1877277,8456,24,2304,14
4860,6,549741,6934,18,2074,12
56,1,37289,112,2,56,1
4872,6,806102,7040,18,2168,12
5932,16,1513139,8206,32,2274,16
4868,6,821819,7036,18,2168,12
4868,6,804039,7036,18,2168,12
4868,6,508990816,7036,18,2168,12
4856,6,926852,7024,18,2168,12
4852,6,539427,7020,18,2168,12
5820,14,1525749,8230,32,2410,18
4872,6,842829,7040,18,2168,12
4872,6,747480,7040,18,2168,12
5502,8,1281861,7782,22,2280,14
4852,6,1068054,7020,18,2168,12
4856,6,525766,7024,18,2168,12
4860,6,510741235,7028,18,2168,12
4852,6,554071,7020,18,2168,12
4876,6,592112,6950,18,2074,12
5522,8,711168,7708,22,2186,14
24422,234,3420100197051,64212,694,39790,460
5944,16,1485325,8218,32,2274,16
4872,6,797903,7040,18,2168,12
4876,6,540693,7044,18,2168,12
4876,6,555998,7044,18,2168,12
4860,6,557675,6934,18,2074,12
4856,6,926147,7024,18,2168,12
4872,6,981896,7040,18,2168,12
4868,6,549473,7036,18,2168,12
4872,6,1018961,7040,18,2168,12
4868,6,674168,7036,18,2168,12
5816,14,1364160,8226,32,2410,18
5712,84,1259489349081,11424,168,5712,84
34440,328,4890080105965,91184,984,56744,656
4852,6,569530,7020,18,2168,12
4868,6,881156,7036,18,2168,12
5940,16,1429729,8350,34,2410,18
4852,6,542566,7020,18,2168,12
4876,6,1559122,7044,18,2168,12
60,1,1295576,176,3,116,2
2448,36,522335526730,4896,72,2448,36
5948,16,1488837,8358,34,2410,18
4860,6,554988,6934,18,2074,12
4876,6,524171,6950,18,2074,12
6284,12,1452157,8588,26,2304,14
4856,6,791709,7024,18,2168,12
4856,6,543412,7024,18,2168,12
485522,3536,4821599402471,737476,7066,251954,3530
5832,14,1371465,8242,32,2410,18
4856,6,975371,7024,18,2168,12
4876,6,529672,7044,18,2168,12
5932,16,1334693,8206,32,2274,16
4860,6,510433713,6934,18,2074,12
4872,6,562611,7040,18,2168,12
4876,6,542935,6950,18,2074,12
4876,6,536837,7044,18,2168,12
5836,14,1501355,8246,32,2410,18
1085941,1142,4635167987256,5897469,3350,4811528,2208
4868,6,557159,7036,18,2168,12
4860,6,588982,6934,18,2074,12
21840,208,3090050855606,57824,624,35984,416
92,1,30078,184,2,92,1
1276399,1342,5450053500265,6937248,3941,5660849,2599
4872,6,788279,7040,18,2168,12
4876,6,535943,7044,18,2168,12
4860,6,530768,7028,18,2168,12
4852,6,550675,7020,18,2168,12
4876,6,623861,6950,18,2074,12
4872,6,542735,7040,18,2168,12
21631952,12227,3460575542445,121207090,25750,99575138,13523
4876,6,575399,7044,18,2168,12
5832,14,1381079,8242,32,2410,18
5924,16,1016556,8198,32,2274,16
4872,6,1374658,7040,18,2168,12
4868,6,552498,7036,18,2168,12
4872,6,529537,7040,18,2168,12
5940,16,1445293,8350,34,2410,18
4868,6,849141,7036,18,2168,12
4868,6,510069324,7036,18,2168,12
4860,6,534225,6934,18,2074,12
5828,14,1377712,8238,32,2410,18
24064,232,3330080173556,62816,680,38752,448
238912,3348,4567200874442,706542,6700,467630,3352
168670,2364,3225183706474,499090,4732,330420,2368
5828,14,1449029,8238,32,2410,18
4876,6,557744,7044,18,2168,12
4876,6,540486,6950,18,2074,12
4868,6,564902,7036,18,2168,12
4860,6,888270,6934,18,2074,12
60204,696,5190430452542,97832,1060,37628,364
5924,16,1206542,8198,32,2274,16
816,12,153376315988,1632,24,816,12
272,4,30624091064,544,8,272,4
4868,6,822022,7036,18,2168,12
1224,18,245919386327,2448,36,1224,18
4868,6,546535,7036,18,2168,12
4868,6,567303,7036,18,2168,12
4868,6,538189,7036,18,2168,12
4876,6,649709,7044,18,2168,12
6152,10,1164651,8456,24,2304,14
6148,10,1365975,8452,24,2304,14
4872,6,1009731,7040,18,2168,12
6040,18,1485027,8450,36,2410,18
4868,6,804617,7036,18,2168,12
4868,6,557638,7036,18,2168,12
4852,6,1696479,7020,18,2168,12
4868,6,577511,7036,18,2168,12
4856,6,697802,7024,18,2168,12
4860,6,875483,7028,18,2168,12
31920,304,4530112743705,84512,912,52592,608
5812,14,1220971,8222,32,2410,18
5828,14,1380473,8238,32,2410,18
5514,8,921065,7682,20,2168,12
4876,6,576665,6950,18,2074,12
4876,6,534468,6950,18,2074,12
4852,6,541658,7020,18,2168,12
4852,6,571877,7020,18,2168,12
4872,6,839576,7040,18,2168,12
4860,6,548234,6934,18,2074,12
4852,6,535640,7020,18,2168,12
4872,6,989133,7040,18,2168,12
4856,6,989831,7024,18,2168,12
24570,234,3480096763436,65052,702,40482,468
4860,6,797948,7028,18,2168,12
4872,6,530419,7040,18,2168,12
4872,6,863465,7040,18,2168,12
4876,6,550166,6950,18,2074,12
4868,6,550449,7036,18,2168,12
4852,6,534941,7020,18,2168,12
4860,6,548346,7028,18,2168,12
27214,262,3780096699222,71156,770,43942,508
92,1,37737,184,2,92,1
4876,6,534688,6950,18,2074,12
4872,6,535039,7040,18,2168,12
4872,6,870932,7040,18,2168,12
34354,330,4800100828291,90060,974,55706,644
4856,6,978004,7024,18,2168,12
4868,6,506770171,7036,18,2168,12
6040,18,1718774,8450,36,2410,18
4860,6,536116,7028,18,2168,12
5820,14,1562532,8230,32,2410,18
6152,20,1737622,8698,40,2546,20
4860,6,887842,7028,18,2168,12
4856,6,540148,7024,18,2168,12
34984,336,4890079373310,91728,992,56744,656
4868,6,811952,7036,18,2168,12
4868,6,1032382,7036,18,2168,12
4872,6,887798,7040,18,2168,12
4852,6,520991,7020,18,2168,12
4868,6,831582,7036,18,2168,12
3128,46,675520506567,6256,92,3128,46
23360,226,3210492289079,60592,656,37232,430
4852,6,574835,7020,18,2168,12
5928,16,1436693,8338,34,2410,18
4852,6,535232,7020,18,2168,12
34860,332,4950049976071,92296,996,57436,664
4868,6,878756,7036,18,2168,12
5522,8,674861,7802,22,2280,14
4876,6,720277,7044,18,2168,12
5518,8,1163349,7686,20,2168,12
4876,6,505859276,7044,18,2168,12
4876,6,538982,7044,18,2168,12
6148,10,1129192,8452,24,2304,14
4868,6,276074805,7036,18,2168,12
4868,6,1001579,7036,18,2168,12
4872,6,552390,7040,18,2168,12
92,1,31446,184,2,92,1
4868,6,1101434,7036,18,2168,12
4852,6,548028,7020,18,2168,12
4876,6,566385,7044,18,2168,12
4856,6,571994,7024,18,2168,12
4868,6,812197,7036,18,2168,12
4860,6,550008,6934,18,2074,12
6052,18,1987562,8462,36,2410,18
4868,6,838085,7036,18,2168,12
4852,6,499450918,7020,18,2168,12
92,1,33644,184,2,92,1
4860,6,562388,6934,18,2074,12
4868,6,554804,7036,18,2168,12
21902,210,3060097110520,57540,622,35638,412
4852,6,546982,7020,18,2168,12
56052,648,4830048763075,91160,988,35108,340
4872,6,868162,7040,18,2168,12
6152,10,1441832,8456,24,2304,14
260348,3648,4977730819295,769832,7300,509484,3652
4860,6,537054,7028,18,2168,12
4868,6,553643,7036,18,2168,12
4868,6,558356,7036,18,2168,12
6052,18,1795400,8462,36,2410,18
6152,10,1107455,8456,24,2304,14
368718,2686,3660062993369,560468,5372,191750,2686
4868,6,874442,7036,18,2168,12
5932,16,1647291,8206,32,2274,16
4852,6,563655,7020,18,2168,12
4868,6,587155,7036,18,2168,12
5518,8,1427710,7686,20,2168,12
4852,6,539061,7020,18,2168,12
4868,6,540169,7036,18,2168,12
5948,16,1400615,8222,32,2274,16
4860,6,581342,6934,18,2074,12
5712,84,1259487893544,11424,168,5712,84
4876,6,563680,6950,18,2074,12
4868,6,919703,7036,18,2168,12
4860,6,810858,6934,18,2074,12
4852,6,531833,7020,18,2168,12
379776,2766,3770050645105,577188,5532,197412,2766
4872,6,512530632,7040,18,2168,12
5518,8,1040546,7686,20,2168,12
38072,364,5370085333910,100352,1084,62280,720
4856,6,575348,7024,18,2168,12
5514,8,683190,7794,22,2280,14
4868,6,846108,7036,18,2168,12
4872,6,1737828,7040,18,2168,12
4876,6,609123,7044,18,2168,12
30674,302,4080573640938,77532,842,46858,540
4852,6,1282822,7020,18,2168,12
4856,6,568061,7024,18,2168,12
4868,6,522308,7036,18,2168,12
31168,306,4170555836531,79200,860,48032,554
5940,16,1471628,8350,34,2410,18
4860,6,540413,6934,18,2074,12
23434,226,3240064832504,61148,662,37714,436
4856,6,572653,7024,18,2168,12
4868,6,538896,7036,18,2168,12
4856,6,553575,7024,18,2168,12
4856,6,785463,7024,18,2168,12
5518,8,658472,7798,22,2280,14
4868,6,783914,7036,18,2168,12
4872,6,989133,7040,18,2168,12
4852,6,528920,7020,18,2168,12
4876,6,541002,6950,18,2074,12
2319632,2436,4950055063975,12603280,7152,10283648,4716
4856,6,556087,7024,18,2168,12
4860,6,841615,7028,18,2168,12
5944,16,1394985,8218,32,2274,16
4868,6,551489,7036,18,2168,12
4868,6,850095,7036,18,2168,12
4876,6,554913,6950,18,2074,12
5948,16,1406532,8222,32,2274,16
4856,6,558377,7024,18,2168,12
37184,364,5010558413016,94768,1028,57584,664
4868,6,857779,7036,18,2168,12
5932,16,1956164,8342,34,2410,18
4868,6,816521,7036,18,2168,12
4872,6,1105502,7040,18,2168,12
4860,6,534813,6934,18,2074,12
6164,10,1089740,8468,24,2304,14
5932,16,1546954,8206,32,2274,16
4876,6,535454,7044,18,2168,12
4868,6,564824,7036,18,2168,12
1603580,1690,3410050876970,8694624,4948,7091044,3258
4852,6,510175192,7020,18,2168,12
4868,6,555474,7036,18,2168,12
4856,6,566192,7024,18,2168,12
4860,6,550865,7028,18,2168,12
4852,6,541987,7020,18,2168,12
4856,6,531679,7024,18,2168,12
4860,6,851224,7028,18,2168,12
24002,230,3360097343307,63100,682,39098,452
4852,6,568216,7020,18,2168,12
24751332,15576,3940576104135,138181159,31063,113429827,15487
4868,6,766711,7036,18,2168,12
26288,256,3570077748728,67536,732,41248,476
4856,6,1187139,7024,18,2168,12
4868,6,745775,7036,18,2168,12
4856,6,672463,7024,18,2168,12
4876,6,1204430,7044,18,2168,12
5502,8,1216747,7670,20,2168,12
92,1,32597,184,2,92,1
4868,6,1334581,7036,18,2168,12
4856,6,539411,7024,18,2168,12
2992,44,644864873520,5984,88,2992,44
6148,10,1382943,8452,24,2304,14
92,1,29896,184,2,92,1
4872,6,793949,7040,18,2168,12
4868,6,558959,7036,18,2168,12
5498,8,715147,7778,22,2280,14
4872,6,551053,7040,18,2168,12
6164,10,1353413,8468,24,2304,14
35824,344,5010080168621,93952,1016,58128,672
4876,6,532107,7044,18,2168,12
4860,6,885014,7028,18,2168,12
5836,14,1482197,8246,32,2410,18
4852,6,564475,7020,18,2168,12
36664,352,5130084189697,96176,1040,59512,688
1865012,1966,3975167746257,10119406,5756,8254394,3790
4872,6,817681,7040,18,2168,12
237342,3326,4537216474175,701902,6656,464560,3330
32884,316,4590048799306,86168,932,53284,616
4868,6,594885,7036,18,2168,12
92,1,29771,184,2,92,1
92,1,29846,184,2,92,1
4868,6,815375,7036,18,2168,12
4876,6,565614,6950,18,2074,12
4856,6,836954,7024,18,2168,12
4860,6,1119156,6934,18,2074,12
4868,6,1056563,7036,18,2168,12
5304,78,1167040193480,10608,156,5304,78
5836,14,1529790,8246,32,2410,18
5522,8,595642,7690,20,2168,12
4856,6,534871,7024,18,2168,12
5940,16,1492564,8214,32,2274,16
5832,14,2126670,8242,32,2410,18
38072,364,5370084369352,100352,1084,62280,720
4852,6,529662,7020,18,2168,12
4876,6,541318,7044,18,2168,12
5924,16,1231750,8198,32,2274,16
56,1,510015625,168,3,112,2
4860,6,926665,7028,18,2168,12
34354,330,4800103507082,90060,974,55706,644
4868,6,1028390,7036,18,2168,12
33242,318,4680096753231,87564,946,54322,628
136,2,158771,272,4,136,2
5940,16,512174965,8214,32,2274,16
4852,6,560181,7020,18,2168,12
4868,6,651445,7036,18,2168,12
27510,262,3900064128092,72836,786,45326,524
5816,14,1353297,8226,32,2410,18
4876,6,764094,7044,18,2168,12
30784,296,4290052684403,80608,872,49824,576
4868,6,541010,7036,18,2168,12
5514,8,1225144,7682,20,2168,12
4852,6,563787,7020,18,2168,12
4852,6,562910,7020,18,2168,12
4868,6,1144608,7036,18,2168,12
29610,282,4200096151837,78396,846,48786,564
6052,18,1602392,8462,36,2410,18
4856,6,1092012,7024,18,2168,12
92,1,34812,184,2,92,1
24422,234,3420101354592,64212,694,39790,460
50516,584,4350079718992,81992,888,31476,304
20500106,126102,4509284403165,33056256,252204,12556150,126102
4852,6,682825,7020,18,2168,12
4868,6,1292807,7036,18,2168,12
4868,6,555884,7036,18,2168,12
56,1,195221,168,3,112,2
5932,16,1385962,8206,32,2274,16
4856,6,556766,7024,18,2168,12
4860,6,906581,7028,18,2168,12
4872,6,803976,7040,18,2168,12
4852,6,547529,7020,18,2168,12
4856,6,541740,7024,18,2168,12
40062,390,5460607067762,103380,1122,63318,732
5506,8,1170328,7674,20,2168,12
4876,6,538805,7044,18,2168,12
4856,6,553575,7024,18,2168,12
4856,6,676655,7024,18,2168,12
4852,6,564408,7020,18,2168,12
4868,6,1011571,7036,18,2168,12
6044,18,1499952,8454,36,2410,18
4860,6,544083,6934,18,2074,12
4860,6,559804,6934,18,2074,12
4856,6,841078,7024,18,2168,12
4856,6,549280,7024,18,2168,12
4860,6,545474,7028,18,2168,12
4856,6,851419,7024,18,2168,12
2287580,2404,4880056104394,12427404,7056,10139824,4652
6164,10,1374228,8468,24,2304,14
43942,508,3780065349144,71428,774,27486,266
5820,14,2017396,8230,32,2410,18
4868,6,548050,7036,18,2168,12
4856,6,1123979,7024,18,2168,12
4872,6,787940,7040,18,2168,12
4872,6,670196,7040,18,2168,12
5828,14,1399561,8238,32,2410,18
5940,16,1416927,8214,32,2274,16
5928,16,1517869,8202,32,2274,16
4872,6,696042,7040,18,2168,12
5832,14,1401056,8242,32,2410,18
4868,6,854360,7036,18,2168,12
4852,6,550298,7020,18,2168,12
5944,16,1605277,8354,34,2410,18
5820,14,1373144,8230,32,2410,18
38134,366,5340095474097,100068,1082,61934,716
4872,6,1280470,7040,18,2168,12
4868,6,752702,7036,18,2168,12
6152,20,1737622,8698,40,2546,20
4860,6,544846,6934,18,2074,12
5820,14,1741998,8230,32,2410,18
4868,6,581755,7036,18,2168,12
4876,6,542690,6950,18,2074,12
4876,6,571529,7044,18,2168,12
4872,6,823546,7040,18,2168,12
5518,8,1040392,7686,20,2168,12
5924,16,1030016,8334,34,2410,18
34540,336,4710588753711,89208,968,54668,632
5940,16,1722975,8214,32,2274,16
38592,376,5250588929795,99488,1080,60896,704
57090,660,4920063869589,92828,1006,35738,346
4868,6,570015,7036,18,2168,12
5940,16,1400667,8214,32,2274,16
4868,6,591705,7036,18,2168,12
4856,6,547111,7024,18,2168,12
4860,6,547156,7028,18,2168,12
4868,6,560694,7036,18,2168,12
4876,6,544555,7044,18,2168,12
5498,8,689493,7778,22,2280,14
4852,6,893240,7020,18,2168,12
4856,6,511503577,7024,18,2168,12
4868,6,871879,7036,18,2168,12
4872,6,541793,7040,18,2168,12
3672,54,798975538266,7344,108,3672,54
546974,3984,5432449002060,830946,7962,283972,3978
28560,272,4050048447000,75616,816,47056,544
4856,6,822564,7024,18,2168,12
5940,16,1537241,8214,32,2274,16
326236,2348,3198529336465,493818,4696,167582,2348
30228,290,4230080732513,79224,856,48996,566
5940,16,1518553,8214,32,2274,16
4852,6,569658,7020,18,2168,12
5522,8,701558,7708,22,2186,14
6044,18,1616850,8454,36,2410,18
4852,6,551082,7020,18,2168,12
4896,72,1075359543026,9792,144,4896,72
6152,20,1609756,8698,40,2546,20
4872,6,873510,7040,18,2168,12
4860,6,532974,6934,18,2074,12
4876,6,532274,7044,18,2168,12
6052,18,1624688,8462,36,2410,18
4868,6,547847,7036,18,2168,12
6036,18,1124925,8446,36,2410,18
4876,6,577715,7044,18,2168,12
4876,6,532854,7044,18,2168,12
39048,374,5490083861989,102576,1108,63528,734
4868,6,530801,7036,18,2168,12
4872,6,1115380,7040,18,2168,12
4872,6,846677,7040,18,2168,12
5502,8,674042,7782,22,2280,14
28438520,19286,4510559353598,158336316,37241,129897796,17955
5948,16,1489779,8222,32,2274,16
31920,304,4530113843266,84512,912,52592,608
38864,380,5250589999376,99216,1076,60352,696
5928,16,1381604,8202,32,2274,16
4856,6,1019326,7024,18,2168,12
4352,64,952320146325,8704,128,4352,64
4872,6,1018091,7040,18,2168,12
5812,14,2942343,8222,32,2410,18
4856,6,2173318,7024,18,2168,12
4868,6,579744,7036,18,2168,12
92,1,45903,184,2,92,1
4856,6,581365,7024,18,2168,12
5498,8,629260,7666,20,2168,12
4852,6,551593,7020,18,2168,12
5820,14,1516745,8230,32,2410,18
4860,6,527621,7028,18,2168,12
5502,8,720048,7782,22,2280,14
4868,6,1105238,7036,18,2168,12
271882,3810,5198112444688,803968,7624,532086,3814
4872,6,540818,7040,18,2168,12
2720,40,583840137453,5440,80,2720,40
1092774,1149,4665185063703,5934945,3371,4842171,2222
31970,308,4440575543578,83388,902,51418,594
4852,6,540543,7020,18,2168,12
4852,6,536065,7020,18,2168,12
4856,6,529052,7024,18,2168,12
4860,6,821535,7028,18,2168,12
4852,6,530281,7020,18,2168,12
4860,6,531652,6934,18,2074,12
4868,6,636581,7036,18,2168,12
34354,330,4800103955218,90060,974,55706,644
4860,6,661289,7028,18,2168,12
5924,16,996831,8198,32,2274,16
5940,16,1438576,8350,34,2410,18
4868,6,861187,7036,18,2168,12
4872,6,576271,7040,18,2168,12
4852,6,562786,7020,18,2168,12
4868,6,969218,7036,18,2168,12
268198,3758,5137992219157,790058,7528,521860,3770
4860,6,537913,6934,18,2074,12
4852,6,540160,7020,18,2168,12
4868,6,851707,7036,18,2168,12
6060,18,1493682,8470,36,2410,18
4868,6,808929,7036,18,2168,12
476040,3426,4671068647537,720144,6846,244104,3420
92,1,39674,184,2,92,1
4852,6,1147759,7020,18,2168,12
4856,6,538195,7024,18,2168,12
4852,6,2063727,7020,18,2168,12
4872,6,1032092,7040,18,2168,12
4872,6,744131,7040,18,2168,12
16089218,98970,3539263613135,25943796,197940,9854578,98970
4856,6,1019326,7024,18,2168,12
4876,6,540596,6950,18,2074,12
4872,6,886167,7040,18,2168,12
5518,8,1139858,7686,20,2168,12
4876,6,523527,7044,18,2168,12
4852,6,531603,7020,18,2168,12
4852,6,566279,7020,18,2168,12
5944,16,1482888,8354,34,2410,18
36726,354,5100065947518,95892,1038,59166,684
4852,6,547529,7020,18,2168,12
4852,6,536652,7020,18,2168,12
5712,84,1259489349081,11424,168,5712,84
5502,8,1288237,7782,22,2280,14
92,1,72135,184,2,92,1
34292,328,4830048155827,90344,976,56052,648
5940,16,1500483,8214,32,2274,16
4860,6,534793,6934,18,2074,12
6160,10,1314339,8464,24,2304,14
33285661,23505,5270560959942,185047549,44650,151761888,21145
558536,4036,5504166940018,846192,8066,287656,4030
4868,6,532840,7036,18,2168,12
4856,6,1070372,7024,18,2168,12
4860,6,620662,6934,18,2074,12
4868,6,550488,7036,18,2168,12
4856,6,545764,7024,18,2168,12
4856,6,843804,7024,18,2168,12
5924,16,310034339,8198,32,2274,16
4868,6,561344,7036,18,2168,12
4868,6,1100097,7036,18,2168,12
4872,6,947053,7040,18,2168,12
5498,8,667931,7778,22,2280,14
4868,6,544710,7036,18,2168,12
4856,6,548056,7024,18,2168,12
4856,6,543722,7024,18,2168,12
4876,6,541592,7044,18,2168,12
4856,6,512553084,7024,18,2168,12
5924,16,992726,8198,32,2274,16
4852,6,539602,7020,18,2168,12
4872,6,836677,7040,18,2168,12
6160,10,1253233,8464,24,2304,14
4852,6,539910,7020,18,2168,12
5928,16,2347276,8202,32,2274,16
4856,6,568061,7024,18,2168,12
4868,6,543975,7036,18,2168,12
4860,6,794469,7028,18,2168,12
5514,8,967865,7794,22,2280,14
5928,16,1363139,8202,32,2274,16
4852,6,584860,7020,18,2168,12
27956,274,3750556114590,71144,772,43188,498
32070,316,4260571480959,81004,880,48934,564
4868,6,839313,7036,18,2168,12
5832,14,1356251,8242,32,2410,18
450678,3244,4420572833924,681814,6482,231136,3238
4868,6,681261,7036,18,2168,12
4868,6,545515,7036,18,2168,12
4868,6,562776,7036,18,2168,12
27720,264,3930081693287,73392,792,45672,528
6160,10,1789638,8464,24,2304,14
6152,10,1384494,8456,24,2304,14
4868,6,674733,7036,18,2168,12
5948,16,1419506,8222,32,2274,16
517862,3772,5142080582270,786678,7538,268816,3766
34712,332,4890079571835,91456,988,56744,656
4868,6,539776,7036,18,2168,12
2176,32,460745109554,4352,64,2176,32
4860,6,509203963,6934,18,2074,12
4860,6,1060898,7028,18,2168,12
4860,6,982547,7028,18,2168,12
4856,6,577304,7024,18,2168,12
5522,8,660832,7802,22,2280,14
4868,6,574908,7036,18,2168,12
5514,8,733542,7794,22,2280,14
92,1,30755,184,2,92,1
4860,6,905163,7028,18,2168,12
5932,16,1487288,8206,32,2274,16
4856,6,511332183,7024,18,2168,12
4868,6,541816,7036,18,2168,12
4856,6,558026,7024,18,2168,12
4868,6,570451,7036,18,2168,12
4860,6,527621,7028,18,2168,12
1043951,1099,4455199549645,5668333,3222,4624382,2123
5928,16,1512747,8202,32,2274,16
37800,360,5370080766899,100080,1080,62280,720
5932,16,1531209,8206,32,2274,16
6160,10,1279686,8464,24,2304,14
4856,6,541172,7024,18,2168,12
4852,6,545902,7020,18,2168,12
4852,6,535589,7020,18,2168,12
4876,6,547081,6950,18,2074,12
4872,6,510624631,7040,18,2168,12
36874,354,5160096493197,96732,1046,59858,692
6156,20,1785496,8702,40,2546,20
4860,6,669531,6934,18,2074,12
5514,8,669888,7794,22,2280,14
4852,6,552391,7020,18,2168,12
2720,40,583359289192,5440,80,2720,40
4872,6,793114,7040,18,2168,12
4856,6,1144386,7024,18,2168,12
4872,6,554356,7040,18,2168,12
2584,38,553343335104,5168,76,2584,38
4856,6,547657,7024,18,2168,12
4868,6,879606,7036,18,2168,12
4876,6,541446,7044,18,2168,12
5948,16,1439241,8358,34,2410,18
4868,6,528044,7036,18,2168,12
4860,6,1550580,7028,18,2168,12
4876,6,580221,6950,18,2074,12
4856,6,553588,7024,18,2168,12
1632,24,337570167872,3264,48,1632,24
5928,16,1478241,8202,32,2274,16
4868,6,533302,7036,18,2168,12
24274,234,3360097341331,63372,686,39098,452
4856,6,566431,7024,18,2168,12
5828,14,1365446,8238,32,2410,18
4868,6,590623,7036,18,2168,12
4852,6,551066,7020,18,2168,12
5498,8,1229527,7666,20,2168,12
4872,6,842658,7040,18,2168,12
36974,362,4980573674069,94212,1022,57238,660
936762,987,3990049679404,5083528,2890,4146766,1903
4868,6,967501,7036,18,2168,12
4868,6,543593,7036,18,2168,12
39036,376,5429889585298,102008,1104,62972,728
2584,38,553344442634,5168,76,2584,38
5820,14,1361265,8230,32,2410,18
6160,10,1266980,8464,24,2304,14
6160,10,1521631,8440,24,2280,14
4876,6,771727,7044,18,2168,12
5948,16,1350440,8222,32,2274,16
4856,6,847551,7024,18,2168,12
4856,6,535798,7024,18,2168,12
4868,6,260113756,7036,18,2168,12
4852,6,538576,7020,18,2168,12
4860,6,862544,7028,18,2168,12
6040,18,1578787,8450,36,2410,18
21181376,130292,4659299706876,34154732,260584,12973356,130292
4860,6,573176,6934,18,2074,12
5514,8,930837,7794,22,2280,14
4860,6,970320,7028,18,2168,12
4852,6,555730,7020,18,2168,12
5932,16,1549947,8342,34,2410,18
4868,6,528789,7036,18,2168,12
37788,362,5310081381500,99240,1072,61452,710
4856,6,550896,7024,18,2168,12
4868,6,528044,7036,18,2168,12
4852,6,557774,7020,18,2168,12
425110,3060,4170047334584,643142,6114,218032,3054
24150,230,3419999658343,63940,690,39790,460
4856,6,789370,7024,18,2168,12
92,1,179903,184,2,92,1
4868,6,581780,7036,18,2168,12
4860,6,529227,7028,18,2168,12
6164,10,1301486,8468,24,2304,14
5940,16,1455495,8350,34,2410,18
6148,10,1280442,8452,24,2304,14
6296,12,1553835,8600,26,2304,14
4852,6,1102752,7020,18,2168,12
4852,6,606457,7020,18,2168,12
4868,6,1010109,7036,18,2168,12
4860,6,5568824,7028,18,2168,12
5940,16,1413310,8214,32,2274,16
4868,6,1038248,7036,18,2168,12
4856,6,537229,7024,18,2168,12
5928,16,1472989,8202,32,2274,16
4868,6,835322,7036,18,2168,12
4868,6,794165,7036,18,2168,12
4868,6,588792,7036,18,2168,12
4856,6,511206826,7024,18,2168,12
5940,16,1547804,8214,32,2274,16
21964,212,3030081038215,57256,620,35292,408
4852,6,676688,7020,18,2168,12
4876,6,537351,7044,18,2168,12
436290,3178,4330592305637,662716,6350,226426,3172
4876,6,550056,7044,18,2168,12
4868,6,559996,7036,18,2168,12
4852,6,542321,7020,18,2168,12
4860,6,545486,6934,18,2074,12
4868,6,830134,7036,18,2168,12
5932,16,1531209,8206,32,2274,16
5518,8,1067117,7686,20,2168,12
1904,28,399456501041,3808,56,1904,28
6152,10,1275498,8456,24,2304,14
6160,10,1673552,8464,24,2304,14
391036,2826,3851585229370,592342,5646,201306,2820
4876,6,539881,7044,18,2168,12
4876,6,530647,6950,18,2074,12
4860,6,866628,7028,18,2168,12
201714,2826,3866212994186,594556,5664,392842,2838
4852,6,883870,7020,18,2168,12
4868,6,548050,7036,18,2168,12
4876,6,849917,7044,18,2168,12
4856,6,541440,7024,18,2168,12
4868,6,915932,7036,18,2168,12
37084,356,5189922092526,97288,1052,60204,696
4876,6,534142,6950,18,2074,12
5828,14,1389318,8238,32,2410,18
31550,304,4380571451140,82276,890,50726,586
56,1,534634,168,3,112,2
4852,6,578388,7020,18,2168,12
4860,6,523076,6934,18,2074,12
4868,6,539341,7036,18,2168,12
4868,6,1137293,7036,18,2168,12
5940,16,1455495,8350,34,2410,18
4868,6,569927,7036,18,2168,12
4872,6,1379297,7040,18,2168,12
5502,8,1285650,7782,22,2280,14
4868,6,812490,7036,18,2168,12
56,1,64374,168,3,112,2
4856,6,584657,7024,18,2168,12
4852,6,557808,7020,18,2168,12
5514,8,698699,7794,22,2280,14
38778,382,5160222369267,98092,1066,59314,684
6060,18,1955730,8470,36,2410,18
4852,6,592247,7020,18,2168,12
4876,6,550775,6950,18,2074,12
4856,6,563892,7024,18,2168,12
6148,10,1285699,8452,24,2304,14
4852,6,572205,7020,18,2168,12
4860,6,532643,7028,18,2168,12
4860,6,917221,7028,18,2168,12
4860,6,651961,7028,18,2168,12
162464,2276,3114657539350,479168,4564,316704,2288
23135714,142314,5089279681972,37306116,284628,14170402,142314
5518,8,1075285,7686,20,2168,12
4868,6,532657,7036,18,2168,12
4868,6,525169,7036,18,2168,12
5940,16,1427558,8350,34,2410,18
25830,246,3660066815742,68388,738,42558,492
5940,16,1679797,8214,32,2274,16
4852,6,587245,7020,18,2168,12
4860,6,542591,6934,18,2074,12
5502,8,896600,7782,22,2280,14
5518,8,1163349,7686,20,2168,12
1632,24,337953147080,3264,48,1632,24
6148,10,1783281,8452,24,2304,14
4860,6,876326,7028,18,2168,12
29820,284,4230080171390,78952,852,49132,568
4860,6,852485,7028,18,2168,12
4860,6,1001924,7028,18,2168,12
56,1,1220067,168,3,112,2
4852,6,555498,7020,18,2168,12
4856,6,1012346,7024,18,2168,12
4860,6,851852,7028,18,2168,12
4856,6,1009495,7024,18,2168,12
4856,6,536198,7024,18,2168,12
4868,6,872589,7036,18,2168,12
26312,252,3690081377653,69216,748,42904,496
4852,6,533740,7020,18,2168,12
4868,6,1324366,7036,18,2168,12
4876,6,668914,6950,18,2074,12
32970,314,4680096217529,87292,942,54322,628
33452,320,4710080548346,88120,952,54668,632
4872,6,867551,7040,18,2168,12
4852,6,531701,7020,18,2168,12
5944,16,1394985,8218,32,2274,16
4856,6,728723,7024,18,2168,12
4852,6,763185,7020,18,2168,12
4876,6,540110,6950,18,2074,12
6168,20,1770372,8714,40,2546,20
4868,6,547980,7036,18,2168,12
6152,10,1469887,8456,24,2304,14
39432,384,5370588763378,101712,1104,62280,720
5940,16,1440749,8350,34,2410,18
6300,12,1627118,8604,26,2304,14
4868,6,836518,7036,18,2168,12
4856,6,559359,7024,18,2168,12
4876,6,554634,6950,18,2074,12
4872,6,539461,7040,18,2168,12
5514,8,1218098,7682,20,2168,12
4852,6,1510394,7020,18,2168,12
544,8,91842323339,1088,16,544,8
4868,6,571768,7036,18,2168,12
4876,6,574143,7044,18,2168,12
23978,234,3240604819414,61692,670,37714,436
4868,6,822903,7036,18,2168,12
4876,6,539312,6950,18,2074,12
36812,352,5190429880118,97016,1048,60204,696
30870,294,4380064003087,81732,882,50862,588
52592,608,4530049010851,85328,924,32736,316
6040,18,1679035,8450,36,2410,18
4868,6,1329006,7036,18,2168,12
6152,10,1368604,8456,24,2304,14
952,14,183873443861,1904,28,952,14
4856,6,814995,7024,18,2168,12
5816,14,511319427,8226,32,2410,18
4868,6,531432,7036,18,2168,12
32192,308,4530112462526,84784,916,52592,608
277210,3884,5302117277830,819550,7772,542340,3888
4872,6,794801,7040,18,2168,12
4852,6,541806,7020,18,2168,12
4856,6,871703,7024,18,2168,12
4868,6,835379,7036,18,2168,12
5032,74,1105887328424,10064,148,5032,74
23310,222,3300096160461,61716,666,38406,444
6152,10,1389968,8456,24,2304,14
92,1,33492,184,2,92,1
4868,6,1001730,7036,18,2168,12
4872,6,851949,7040,18,2168,12
4852,6,548524,7020,18,2168,12
4868,6,792203,7036,18,2168,12
4860,6,536613,7028,18,2168,12
4872,6,868016,7040,18,2168,12
4868,6,1009270,7036,18,2168,12
5440,80,1198430114423,10880,160,5440,80
4852,6,550675,7020,18,2168,12
5506,8,1136457,7786,22,2280,14
4860,6,555972,6934,18,2074,12
4868,6,531379,7036,18,2168,12
5940,16,1548551,8214,32,2274,16
4868,6,1430533,7036,18,2168,12
4868,6,538316,7036,18,2168,12
4860,6,1196405,7028,18,2168,12
4852,6,551593,7020,18,2168,12
4852,6,531197,7020,18,2168,12
5506,8,1113881,7786,22,2280,14
4860,6,1891757,7028,18,2168,12
4872,6,663306,7040,18,2168,12
4876,6,1117095,7044,18,2168,12
38134,366,5340098594468,100068,1082,61934,716
4872,6,552486,7040,18,2168,12
4876,6,547761,6950,18,2074,12
4856,6,573921,7024,18,2168,12
92,1,30956,184,2,92,1
4872,6,532865,7040,18,2168,12
5948,16,1383687,8222,32,2274,16
92,1,31692,184,2,92,1
4876,6,546901,7044,18,2168,12
4852,6,533352,7020,18,2168,12
5820,14,1371992,8230,32,2410,18
4868,6,831177,7036,18,2168,12
4872,6,575000,7040,18,2168,12
4876,6,509834600,7044,18,2168,12
4856,6,542409,7024,18,2168,12
4876,6,534633,7044,18,2168,12
4852,6,543100,7020,18,2168,12
4872,6,1047387,7040,18,2168,12
6060,18,1509691,8470,36,2410,18
4852,6,551044,7020,18,2168,12
4852,6,1015580,7020,18,2168,12
4860,6,678910,6934,18,2074,12
4876,6,542405,6950,18,2074,12
4868,6,537421,7036,18,2168,12
4876,6,521750,6950,18,2074,12
4868,6,677229,7036,18,2168,12
4868,6,886045,7036,18,2168,12
4856,6,850221,7024,18,2168,12
4852,6,1148305,7020,18,2168,12
6152,10,1372273,8456,24,2304,14
4760,70,1044353829283,9520,140,4760,70
4876,6,553053,6950,18,2074,12
4868,6,556377,7036,18,2168,12
22470,214,3180284704554,59492,642,37022,428
4856,6,980188,7024,18,2168,12
27510,262,3900064128092,72836,786,45326,524
4852,6,574092,7020,18,2168,12
4856,6,552223,7024,18,2168,12
4852,6,510080112,7020,18,2168,12
4868,6,557340,7036,18,2168,12
4860,6,534674,6934,18,2074,12
4852,6,561320,7020,18,2168,12
31043386,21215,4920576754111,172800608,40894,141757222,19679
4872,6,1144793,7040,18,2168,12
4856,6,793765,7024,18,2168,12
4868,6,533430,7036,18,2168,12
6152,10,1418120,8456,24,2304,14
4852,6,540610,7020,18,2168,12
5924,16,1193010,8198,32,2274,16
32612,312,4590080495113,85896,928,53284,616
6036,18,1299071,8446,36,2410,18
4872,6,507376059,7040,18,2168,12
4856,6,544251,7024,18,2168,12
5924,16,1038181,8198,32,2274,16
56,1,510626727,168,3,112,2
21482,206,3000096191257,56428,610,34946,404
4868,6,811659,7036,18,2168,12
4872,6,543922,7040,18,2168,12
5506,8,1110991,7674,20,2168,12
4868,6,550424,7036,18,2168,12
5514,8,669888,7794,22,2280,14
5514,8,703584,7794,22,2280,14
4856,6,559230,7024,18,2168,12
4876,6,613281,7044,18,2168,12
5820,14,1457925,8230,32,2410,18
4872,6,820184,7040,18,2168,12
4876,6,544258,7044,18,2168,12
4868,6,1030693,7036,18,2168,12
4868,6,539895,7036,18,2168,12
4852,6,553592,7020,18,2168,12
5502,8,986701,7782,22,2280,14
4624,68,1013440873834,9248,136,4624,68
4860,6,536585,6934,18,2074,12
4852,6,539863,7020,18,2168,12
26164,252,3630080766280,68376,740,42212,488
4868,6,618752,7036,18,2168,12
4868,6,840616,7036,18,2168,12
4872,6,996578,7040,18,2168,12
5506,8,1297687,7674,20,2168,12
5820,14,1381167,8230,32,2410,18
4856,6,850274,7024,18,2168,12
4868,6,796444,7036,18,2168,12
5820,14,1528774,8230,32,2410,18
4868,6,875434,7036,18,2168,12
4852,6,577738,7020,18,2168,12
6300,12,1518261,8604,26,2304,14
4872,6,808580,7040,18,2168,12
5940,16,1977147,8214,32,2274,16
4860,6,531545,6934,18,2074,12
4856,6,536615,7024,18,2168,12
4856,6,1296644,7024,18,2168,12
31204,300,4350079192696,81720,884,50516,584
30970,302,4200604726038,79756,866,48786,564
4868,6,1137293,7036,18,2168,12
4860,6,1102743,7028,18,2168,12
4868,6,547295,7036,18,2168,12
33168,318,4650081741475,87008,940,53840,622
4868,6,569428,7036,18,2168,12
4868,6,578615,7036,18,2168,12
4868,6,826523,7036,18,2168,12
4860,6,967063,7028,18,2168,12
6148,20,1214889,8694,40,2546,20
4876,6,1191704,6950,18,2074,12
4860,6,855278,7028,18,2168,12
4868,6,580966,7036,18,2168,12
440660,3184,4342113601712,667494,6362,226834,3178
5948,16,1478807,8222,32,2274,16
4876,6,561195,6950,18,2074,12
4868,6,822407,7036,18,2168,12
4868,6,866580,7036,18,2168,12
4876,6,558565,7044,18,2168,12
5816,14,1377359,8226,32,2410,18
5932,16,1406304,8206,32,2274,16
4852,6,800958,7020,18,2168,12
4872,6,873857,7040,18,2168,12
4868,6,785196,7036,18,2168,12
4868,6,598688,7036,18,2168,12
37232,356,5250079664788,98128,1060,60896,704
4856,6,557173,7024,18,2168,12
6164,10,1207038,8468,24,2304,14
4868,6,823644,7036,18,2168,12
4868,6,536733,7036,18,2168,12
5828,14,1403627,8238,32,2410,18
5820,14,1372548,8230,32,2410,18
4852,6,1609709,7020,18,2168,12
5948,16,1336992,8222,32,2274,16
4876,6,551074,6950,18,2074,12
4868,6,578387,7036,18,2168,12
4868,6,548441,7036,18,2168,12
4852,6,548084,7020,18,2168,12
4872,6,543629,7040,18,2168,12
4872,6,775414,7040,18,2168,12
4872,6,276026394,7040,18,2168,12
6152,10,1364615,8456,24,2304,14
4852,6,547124,7020,18,2168,12
4872,6,789934,7040,18,2168,12
4860,6,1046184,7028,18,2168,12
4860,6,578131,6934,18,2074,12
4856,6,1107938,7024,18,2168,12
4860,6,825178,7028,18,2168,12
4868,6,654144,7036,18,2168,12
4872,6,863518,7040,18,2168,12
4876,6,534142,6950,18,2074,12
4856,6,547552,7024,18,2168,12
4872,6,838188,7040,18,2168,12
734531,775,3120047260733,3979926,2266,3245395,1491
5828,14,1695883,8238,32,2410,18
4852,6,593570,7020,18,2168,12
5928,16,1367090,8202,32,2274,16
4876,6,534530,6950,18,2074,12
4856,6,542702,7024,18,2168,12
5816,14,1414691,8226,32,2410,18
4868,6,565919,7036,18,2168,12
4876,6,523527,7044,18,2168,12
4856,6,581346,7024,18,2168,12
4872,6,747480,7040,18,2168,12
5928,16,1419453,8202,32,2274,16
4868,6,853717,7036,18,2168,12
4872,6,509558513,7040,18,2168,12
5498,8,1057015,7666,20,2168,12
37170,354,5280096400404,98412,1062,61242,708
4872,6,893497,7040,18,2168,12
4868,6,808929,7036,18,2168,12
4868,6,822903,7036,18,2168,12
4876,6,638078,7044,18,2168,12
4868,6,835514,7036,18,2168,12
4868,6,535879,7036,18,2168,12
4868,6,1115637,7036,18,2168,12
5832,14,1367067,8242,32,2410,18
4868,6,531052,7036,18,2168,12
410204,2964,4041602128130,621338,5922,211134,2958
4868,6,579897,7036,18,2168,12
4868,6,881156,7036,18,2168,12
4852,6,564834,7020,18,2168,12
4868,6,827567,7036,18,2168,12
4860,6,837119,7028,18,2168,12
4856,6,1012338,7024,18,2168,12
4860,6,588982,6934,18,2074,12
4868,6,577965,7036,18,2168,12
5932,16,1571124,8342,34,2410,18
4872,6,852253,7040,18,2168,12
4868,6,545958,7036,18,2168,12
4856,6,541269,7024,18,2168,12
1962190,2066,4185183621191,10650702,6054,8688512,3988
6044,18,1616850,8454,36,2410,18
4868,6,839300,7036,18,2168,12
4872,6,530419,7040,18,2168,12
4860,6,868081,7028,18,2168,12
4876,6,845439,6950,18,2074,12
4852,6,543043,7020,18,2168,12
4868,6,525399,7036,18,2168,12
5832,14,1227703,8242,32,2410,18
28202,270,3959969641362,74220,802,46018,532
5514,8,708868,7794,22,2280,14
4868,6,548885,7036,18,2168,12
32254,310,4500065014090,84500,914,52246,604
4852,6,538446,7020,18,2168,12
5924,16,1091757,8334,34,2410,18
4852,6,1180610,7020,18,2168,12
5948,16,1577936,8358,34,2410,18
4876,6,548238,6950,18,2074,12
4876,6,586109,6950,18,2074,12
4852,6,510161447,7020,18,2168,12
6148,10,1401837,8452,24,2304,14
5924,16,1012006,8198,32,2274,16
410936,2958,4030078002185,622070,5916,211134,2958
6060,18,1711832,8470,36,2410,18
4868,6,558029,7036,18,2168,12
92,1,30231,184,2,92,1
4876,6,554660,6950,18,2074,12
4856,6,538495,7024,18,2168,12
4868,6,532751,7036,18,2168,12
6152,20,1642959,8698,40,2546,20
243696,3414,4672607908864,717864,6840,474168,3426
6036,18,1573158,8446,36,2410,18
5940,16,1427336,8350,34,2410,18
5032,74,1105890241064,10064,148,5032,74
4860,6,542384,6934,18,2074,12
4868,6,830134,7036,18,2168,12
4860,6,535264,6934,18,2074,12
4868,6,966872,7036,18,2168,12
5948,16,1998616,8222,32,2274,16
515902,3728,5083139223462,781578,7450,265676,3722
4872,6,542834,7040,18,2168,12
5940,16,1359508,8214,32,2274,16
194408,2724,3725698537414,573132,5460,378724,2736
5928,16,1771779,8338,34,2410,18
4868,6,1561172,7036,18,2168,12
4852,6,544437,7020,18,2168,12
4860,6,531332,6934,18,2074,12
4868,6,573613,7036,18,2168,12
4852,6,550298,7020,18,2168,12
4868,6,578195,7036,18,2168,12
4872,6,880745,7040,18,2168,12
4872,6,536263,7040,18,2168,12
35614,342,4980096215204,93396,1010,57782,668
6044,18,2039061,8454,36,2410,18
4860,6,858733,7028,18,2168,12
4852,6,545110,7020,18,2168,12
4860,6,536232,6934,18,2074,12
4856,6,584853,7024,18,2168,12
4856,6,553278,7024,18,2168,12
5828,14,2055094,8238,32,2410,18
4868,6,589952,7036,18,2168,12
5514,8,657544,7794,22,2280,14
4860,6,637683,7028,18,2168,12
34230,326,4860063583701,90628,978,56398,652
5944,16,1477844,8218,32,2274,16
4868,6,718696,7036,18,2168,12
4852,6,559349,7020,18,2168,12
4876,6,536976,6950,18,2074,12
4852,6,535811,7020,18,2168,12
4868,6,717847,7036,18,2168,12
5506,8,1030123,7674,20,2168,12
4868,6,508555015,7036,18,2168,12
4868,6,560159,7036,18,2168,12
4852,6,575841,7020,18,2168,12
4872,6,581771,7040,18,2168,12
680,10,122817441268,1360,20,680,10
4868,6,846108,7036,18,2168,12
4872,6,860196,7040,18,2168,12
4872,6,862303,7040,18,2168,12
4868,6,813170,7036,18,2168,12
4868,6,881895,7036,18,2168,12
4856,6,555058,7024,18,2168,12
92,1,41834,184,2,92,1
4872,6,751233,7040,18,2168,12
4860,6,854450,7028,18,2168,12
4860,6,552238,7028,18,2168,12
4852,6,569056,7020,18,2168,12
486550,3544,4831587310300,739122,7082,252572,3538
4860,6,575929,6934,18,2074,12
4852,6,540948,7020,18,2168,12
4876,6,553266,6950,18,2074,12
4860,6,560968,7028,18,2168,12
5948,16,1460078,8358,34,2410,18
4860,6,851224,7028,18,2168,12
4868,6,559254,7036,18,2168,12
5928,16,1365946,8202,32,2274,16
4868,6,943810,7036,18,2168,12
4868,6,589564,7036,18,2168,12
4868,6,544168,7036,18,2168,12
4852,6,542987,7020,18,2168,12
4856,6,529029,7024,18,2168,12
4856,6,796946,7024,18,2168,12
4852,6,640884,7020,18,2168,12
5948,16,1392758,8222,32,2274,16
4856,6,571266,7024,18,2168,12
4872,6,836928,7040,18,2168,12
4872,6,1009731,7040,18,2168,12
5924,16,1292064,8198,32,2274,16
4868,6,846557,7036,18,2168,12
4868,6,573190,7036,18,2168,12
5812,14,1243579,8222,32,2410,18
4876,6,552074,6950,18,2074,12
4852,6,599227,7020,18,2168,12
4868,6,544309,7036,18,2168,12
4860,6,669186,7028,18,2168,12
4860,6,866897,7028,18,2168,12
4852,6,568202,7020,18,2168,12
27300,260,3870113080152,72280,780,44980,520
4856,6,567171,7024,18,2168,12
4856,6,1019326,7024,18,2168,12
4852,6,577648,7020,18,2168,12
4860,6,720861,7028,18,2168,12
4856,6,712203,7024,18,2168,12
4868,6,963805,7036,18,2168,12
4872,6,828127,7040,18,2168,12
4868,6,548045,7036,18,2168,12
4872,6,1153915,7040,18,2168,12
4860,6,872808,7028,18,2168,12
38134,366,5340096396261,100068,1082,61934,716
4868,6,823376,7036,18,2168,12
4856,6,387922239,7024,18,2168,12
5944,16,1477844,8218,32,2274,16
6040,18,1509177,8450,36,2410,18
4872,6,536084,7040,18,2168,12
28648,282,3810587540585,72528,788,43880,506
530022,3830,5223649683597,803004,7654,272982,3824
4852,6,553592,7020,18,2168,12
5940,16,1437259,8214,32,2274,16
4868,6,552556,7036,18,2168,12
4876,6,563680,6950,18,2074,12
4868,6,740281,7036,18,2168,12
4856,6,539476,7024,18,2168,12
5506,8,1042490,7674,20,2168,12
4876,6,541428,6950,18,2074,12
4856,6,846378,7024,18,2168,12
4856,6,541269,7024,18,2168,12
6160,10,3331694,8464,24,2304,14
5836,14,1426681,8246,32,2410,18
4872,6,1040439,7040,18,2168,12
4856,6,586832,7024,18,2168,12
37652,360,5310048867280,99240,1072,61588,712
4868,6,912915,7036,18,2168,12
4872,6,1589729,7040,18,2168,12
36196,356,4830555496468,91704,996,55508,640
4860,6,824238,7028,18,2168,12
4868,6,836601,7036,18,2168,12
4868,6,560100,7036,18,2168,12
4876,6,547810,6950,18,2074,12
4852,6,587023,7020,18,2168,12
5944,16,1464718,8218,32,2274,16
4216,62,921287359651,8432,124,4216,62
5944,16,1545851,8218,32,2274,16
5924,16,1021087,8198,32,2274,16
1904,28,399456634352,3808,56,1904,28
4876,6,536804,7044,18,2168,12
26967925,17964,4280545911268,150246462,34940,123278537,16976
4868,6,540005,7036,18,2168,12
4860,6,894510,7028,18,2168,12
4872,6,571024,7040,18,2168,12
4876,6,1136843,7044,18,2168,12
6152,10,1364615,8456,24,2304,14
4860,6,1139253,7028,18,2168,12
5502,8,1237221,7782,22,2280,14
4860,6,896822,7028,18,2168,12
4856,6,526363,7024,18,2168,12
4868,6,550418,7036,18,2168,12
4868,6,576596,7036,18,2168,12
4868,6,575674,7036,18,2168,12
5828,14,1548734,8238,32,2410,18
4872,6,725382,7040,18,2168,12
4868,6,545880,7036,18,2168,12
4860,6,538543,6934,18,2074,12
5514,8,671569,7794,22,2280,14
6160,10,1289071,8464,24,2304,14
22260,212,3150046907572,58936,636,36676,424
4876,6,533833,7044,18,2168,12
4860,6,559804,6934,18,2074,12
4860,6,545522,6934,18,2074,12
4852,6,1069323,7020,18,2168,12
4872,6,507840504,7040,18,2168,12
6156,20,1835316,8702,40,2546,20
4868,6,872589,7036,18,2168,12
4872,6,562611,7040,18,2168,12
4860,6,667524,6934,18,2074,12
4852,6,531082,7020,18,2168,12
6060,18,1490258,8470,36,2410,18
5928,16,1365946,8202,32,2274,16
442806,3200,4362113761276,670802,6394,227996,3194
4876,6,532144,7044,18,2168,12
17318258,106530,3809281116966,27925596,213060,10607338,106530
4872,6,887798,7040,18,2168,12
4868,6,1176698,7036,18,2168,12
4872,6,577417,7040,18,2168,12
5168,76,1136450840650,10336,152,5168,76
5514,8,714329,7794,22,2280,14
4872,6,850858,7040,18,2168,12
5940,16,1328953,8214,32,2274,16
92,1,31200,184,2,92,1
33886,334,4500571692317,85588,930,51702,596
4852,6,883870,7020,18,2168,12
4876,6,1043326,7044,18,2168,12
4868,6,830687,7036,18,2168,12
4868,6,586712,7036,18,2168,12
4872,6,512074461,7040,18,2168,12
4868,6,569919,7036,18,2168,12
4852,6,1282822,7020,18,2168,12
4868,6,535476,7036,18,2168,12
6148,10,1280442,8452,24,2304,14
4856,6,568966,7024,18,2168,12
18089878,111274,3979267664872,29169588,222548,11079710,111274
5948,16,1439241,8358,34,2410,18
4876,6,580770,7044,18,2168,12
5948,16,1500555,8222,32,2274,16
56,1,1927873,168,3,112,2
4872,6,816295,7040,18,2168,12
256800,3598,4912096894373,759240,7200,502440,3602
4876,6,535535,6950,18,2074,12
36344,356,4890589683716,92544,1004,56200,648
5832,14,1482899,8242,32,2410,18
4872,6,842829,7040,18,2168,12
4860,6,553684,7028,18,2168,12
4876,6,546151,7044,18,2168,12
5502,8,1282353,7782,22,2280,14
6148,10,1267176,8452,24,2304,14
6160,10,1260486,8464,24,2304,14
4876,6,530877,6950,18,2074,12
226834,3178,4346724332471,668398,6368,441564,3190
4872,6,832582,7040,18,2168,12
4868,6,539917,7036,18,2168,12
4876,6,532751,6950,18,2074,12
4868,6,556984,7036,18,2168,12
4860,6,745993,7028,18,2168,12
5502,8,1365269,7670,20,2168,12
6152,10,1795581,8456,24,2304,14
5932,16,1359980,8206,32,2274,16
4852,6,648847,7020,18,2168,12
4860,6,640528,7028,18,2168,12
4868,6,575544,7036,18,2168,12
4872,6,573528,7040,18,2168,12
4852,6,547262,7020,18,2168,12
36454,350,5100064206521,95620,1034,59166,684
4868,6,816647,7036,18,2168,12
5928,16,1370315,8202,32,2274,16
4872,6,659418,7040,18,2168,12
4860,6,542090,7028,18,2168,12
5944,16,1592600,8218,32,2274,16
4860,6,527956,7028,18,2168,12
5940,16,1391873,8214,32,2274,16
92,1,39216,184,2,92,1
4860,6,878719,7028,18,2168,12
5498,8,673602,7778,22,2280,14
4876,6,1089889,7044,18,2168,12
288546,4042,5521562845831,842416,8092,553870,4050
4868,6,793794,7036,18,2168,12
334460,2436,3319041903089,508322,4872,173862,2436
4856,6,570198,7024,18,2168,12
4868,6,587989,7036,18,2168,12
272,4,30780454806,544,8,272,4
6164,20,1656312,8710,40,2546,20
1632,24,337950535331,3264,48,1632,24
4856,6,512956376,7024,18,2168,12
6164,20,1656312,8710,40,2546,20
4868,6,546617,7036,18,2168,12
4856,6,856306,7024,18,2168,12
5940,16,1527772,8350,34,2410,18
29734,286,4140096804129,77828,842,48094,556
4852,6,568216,7020,18,2168,12
4860,6,539361,7028,18,2168,12
4872,6,870754,7040,18,2168,12
4876,6,530140,7044,18,2168,12
6164,10,1358463,8468,24,2304,14
4860,6,1246356,7028,18,2168,12
4852,6,654141,7020,18,2168,12
4860,6,979922,7028,18,2168,12
6148,20,1237544,8694,40,2546,20
4868,6,560075,7036,18,2168,12
4868,6,583362,7036,18,2168,12
4080,60,890626672595,8160,120,4080,60
4868,6,498573386,7036,18,2168,12
4868,6,581690,7036,18,2168,12
4860,6,764493,7028,18,2168,12
4868,6,566813,7036,18,2168,12
4876,6,538372,7044,18,2168,12
4868,6,1042967,7036,18,2168,12
23928,230,3330080167590,62544,676,38616,446
5940,16,1713692,8214,32,2274,16
4868,6,552390,7036,18,2168,12
6300,12,1031138,8604,26,2304,14
4852,6,555777,7020,18,2168,12
4876,6,544783,7044,18,2168,12
4868,6,791450,7036,18,2168,12
4868,6,544420,7036,18,2168,12
5816,14,1453422,8226,32,2410,18
4856,6,545998,7024,18,2168,12
5924,16,1820023,8198,32,2274,16
4868,6,1684276,7036,18,2168,12
5514,8,930837,7794,22,2280,14
4876,6,656746,7044,18,2168,12
5828,14,2089176,8238,32,2410,18
4872,6,803256,7040,18,2168,12
4872,6,831861,7040,18,2168,12
4868,6,859040,7036,18,2168,12
3672,54,798976578707,7344,108,3672,54
4852,6,520991,7020,18,2168,12
4856,6,1135425,7024,18,2168,12
27152,260,3810080694107,71440,772,44288,512
3944,58,860511356505,7888,116,3944,58
4852,6,539708,7020,18,2168,12
6164,10,2096098,8468,24,2304,14
6052,18,1606817,8462,36,2410,18
4876,6,528616,6950,18,2074,12
4860,6,860884,7028,18,2168,12
5932,16,3449406,8206,32,2274,16
4876,6,552417,7044,18,2168,12
5928,16,1402794,8202,32,2274,16
5498,8,782973,7778,22,2280,14
28400,274,3930556167930,73936,800,45536,526
5948,16,1425583,8116,32,2168,16
5836,14,1382730,8246,32,2410,18
414040,3016,4110558875704,628932,6026,214892,3010
5828,14,1320082,8238,32,2410,18
4876,6,528423,6950,18,2074,12
4876,6,539191,7044,18,2168,12
4852,6,549409,7020,18,2168,12
92,1,29854,184,2,92,1
4352,64,952321057193,8704,128,4352,64
4868,6,1013562,7036,18,2168,12
4852,6,598192,7020,18,2168,12
4876,6,550453,6950,18,2074,12
4876,6,537931,6950,18,2074,12
4872,6,772619,7040,18,2168,12
4868,6,837456,7036,18,2168,12
4852,6,558343,7020,18,2168,12
4868,6,544300,7036,18,2168,12
4860,6,524225,6934,18,2074,12
4856,6,533466,7024,18,2168,12
5836,14,1332514,8246,32,2410,18
4872,6,542735,7040,18,2168,12
4852,6,549431,7020,18,2168,12
2584,38,552804836969,5168,76,2584,38
1088,16,214912738926,2176,32,1088,16
4860,6,526699,7028,18,2168,12
4876,6,534736,7044,18,2168,12
5940,16,1437702,8214,32,2274,16
4868,6,1196722,7036,18,2168,12
4868,6,979690,7036,18,2168,12
4852,6,531603,7020,18,2168,12
4868,6,559254,7036,18,2168,12
4860,6,538151,7028,18,2168,12
4852,6,540108,7020,18,2168,12
4856,6,592057,7024,18,2168,12
4868,6,545379,7036,18,2168,12
4868,6,816065,7036,18,2168,12
4860,6,1346489,7028,18,2168,12
4860,6,534336,7028,18,2168,12
5514,8,705658,7794,22,2280,14
4868,6,570047,7036,18,2168,12
5924,16,990848,8198,32,2274,16
5522,8,673209,7802,22,2280,14
6060,18,1665321,8470,36,2410,18
6296,12,1135089,8464,24,2168,12
4860,6,851224,7028,18,2168,12
4876,6,530276,6950,18,2074,12
4852,6,1258458,7020,18,2168,12
92,1,34218,184,2,92,1
22589474,138954,4969247424751,36425316,277908,13835842,138954
23718,228,3300096144052,61988,670,38270,442
4872,6,916595,7040,18,2168,12
4852,6,554501,7020,18,2168,12
4860,6,1207327,7028,18,2168,12
4860,6,556338,6934,18,2074,12
4876,6,558945,7044,18,2168,12
5948,16,511460596,8222,32,2274,16
4872,6,813710,7040,18,2168,12
1360,20,276926112310,2720,40,1360,20
1176493,1238,5025183504900,6391726,3633,5215233,2395
4876,6,1942495,7044,18,2168,12
4868,6,550973,7036,18,2168,12
4868,6,787095,7036,18,2168,12
5506,8,1160085,7674,20,2168,12
6148,10,1319058,8452,24,2304,14
159188,2230,3045178646014,465272,4468,306084,2238
4872,6,553058,7040,18,2168,12
4860,6,864158,7028,18,2168,12
6060,18,1497049,8470,36,2410,18
4860,6,571950,7028,18,2168,12
4876,6,1146579,6950,18,2074,12
6164,10,1448905,8468,24,2304,14
4868,6,542580,7036,18,2168,12
5506,8,1059782,7674,20,2168,12
952,14,184384047784,1904,28,952,14
4868,6,631161,7036,18,2168,12
5948,16,1392758,8222,32,2274,16
4860,6,541005,6934,18,2074,12
4876,6,571529,7044,18,2168,12
4868,6,880486,7036,18,2168,12
34230,326,4860571517225,90628,978,56398,652
4876,6,525897,7044,18,2168,12
4868,6,868590,7036,18,2168,12
6036,18,1110497,8446,36,2410,18
4872,6,507376059,7040,18,2168,12
4856,6,539442,7024,18,2168,12
92,1,39216,184,2,92,1
40828,472,3510050730698,66424,720,25596,248
4868,6,556503,7036,18,2168,12
5514,8,1171277,7682,20,2168,12
4872,6,1094916,7040,18,2168,12
5956,16,1462487,8124,32,2168,16
4852,6,579461,7020,18,2168,12
4868,6,805145,7036,18,2168,12
5828,14,1379426,8238,32,2410,18
4868,6,550310,7036,18,2168,12
4856,6,868658,7024,18,2168,12
56,1,3059180,168,3,112,2
6164,10,1388401,8468,24,2304,14
269088,3770,5148219140770,785826,7548,516738,3778
38444,376,5190430044433,98104,1064,59660,688
4872,6,1587046,7040,18,2168,12
4860,6,541811,7028,18,2168,12
4852,6,904056,7020,18,2168,12
4852,6,542062,7020,18,2168,12
4868,6,800558,7036,18,2168,12
4860,6,536585,6934,18,2074,12
6044,18,1616899,8454,36,2410,18
174406,2444,3345187345123,514438,4900,340032,2456
4868,6,844223,7036,18,2168,12
5816,14,1491205,8226,32,2410,18
38912,372,5490046275225,102576,1108,63664,736
455676,3280,4470559048709,689408,6554,233732,3274
21902,210,3060097165224,57540,622,35638,412
4876,6,768396,7044,18,2168,12
5828,14,1380315,8238,32,2410,18
28140,268,3990080221975,74504,804,46364,536
56,1,35945,112,2,56,1
4868,6,560031,7036,18,2168,12
4868,6,936464,7036,18,2168,12
4860,6,532746,6934,18,2074,12
6148,10,1247343,8452,24,2304,14
5944,16,1545851,8218,32,2274,16
4856,6,561510,7024,18,2168,12
4860,6,562485,7028,18,2168,12
478194,3442,4691068788824,723460,6878,245266,3436
4868,6,508611775,7036,18,2168,12
4876,6,543964,7044,18,2168,12
92,1,30136,184,2,92,1
4868,6,574273,7036,18,2168,12
4868,6,1210599,7036,18,2168,12
4868,6,553511,7036,18,2168,12
5820,14,1471004,8230,32,2410,18
5506,8,1161291,7674,20,2168,12
4860,6,553471,6934,18,2074,12
401952,2928,3989988520621,610564,5850,208612,2922
4876,6,549797,7044,18,2168,12
4852,6,1298166,7020,18,2168,12
4872,6,533348,7040,18,2168,12
4856,6,807425,7024,18,2168,12
4856,6,812534,7024,18,2168,12
4868,6,504345752,7036,18,2168,12
5940,16,1422888,8350,34,2410,18
4852,6,663883,7020,18,2168,12
6052,18,1530079,8462,36,2410,18
5944,16,1577120,8218,32,2274,16
4860,6,1058754,6934,18,2074,12
4868,6,552005,7036,18,2168,12
4872,6,860900,7040,18,2168,12
4876,6,699971,6950,18,2074,12
5924,16,1067568,8334,34,2410,18
4860,6,544256,7028,18,2168,12
4856,6,553307,7024,18,2168,12
4868,6,604279,7036,18,2168,12
4852,6,545956,7020,18,2168,12
4868,6,543322,7036,18,2168,12
4856,6,860371,7024,18,2168,12
5832,14,1413647,8242,32,2410,18
4868,6,836493,7036,18,2168,12
5924,16,1001610,8198,32,2274,16
4852,6,551044,7020,18,2168,12
4868,6,871188,7036,18,2168,12
6152,10,845200,8338,24,2186,14
4868,6,986376,7036,18,2168,12
4868,6,822116,7036,18,2168,12
4868,6,927241,7036,18,2168,12
4852,6,582049,7020,18,2168,12
4856,6,565922,7024,18,2168,12
4860,6,537913,6934,18,2074,12
6052,18,1596321,8462,36,2410,18
20393334,11692,3260577139337,114212124,24484,93818790,12792
5522,8,658720,7802,22,2280,14
4876,6,557024,6950,18,2074,12
4868,6,887431,7036,18,2168,12
4868,6,882330,7036,18,2168,12
5924,16,1041741,8198,32,2274,16
5948,16,1568359,8222,32,2274,16
4872,6,873254,7040,18,2168,12
5820,14,1326805,8230,32,2410,18
4876,6,542855,7044,18,2168,12
4856,6,545027,7024,18,2168,12
5924,16,992726,8198,32,2274,16
4852,6,1122344,7020,18,2168,12
6044,18,1599554,8454,36,2410,18
4876,6,536521,6950,18,2074,12
4868,6,547835,7036,18,2168,12
4872,6,2345105,7040,18,2168,12
4876,6,540115,7044,18,2168,12
6148,20,1634237,8694,40,2546,20
5836,14,1947426,8246,32,2410,18
4876,6,533316,7044,18,2168,12
24398,238,3300604731499,62804,682,38406,444
4868,6,854009,7036,18,2168,12
5820,14,2653015,8230,32,2410,18
3128,46,675904783710,6256,92,3128,46
4860,6,533806,6934,18,2074,12
4872,6,872384,7040,18,2168,12
4856,6,549871,7024,18,2168,12
33662,322,4740064315724,88676,958,55014,636
4868,6,1095816,7036,18,2168,12
4860,6,552450,6934,18,2074,12
4856,6,1013251,7024,18,2168,12
4876,6,580751,7044,18,2168,12
4860,6,764493,7028,18,2168,12
5828,14,1331095,8238,32,2410,18
4852,6,555498,7020,18,2168,12
5940,16,1441132,8214,32,2274,16
4860,6,720861,7028,18,2168,12
4876,6,525319,6950,18,2074,12
4852,6,555195,7020,18,2168,12
4868,6,818354,7036,18,2168,12
4872,6,1099613,7040,18,2168,12
6056,18,1521723,8466,36,2410,18
4856,6,998389,7024,18,2168,12
4852,6,541349,7020,18,2168,12
29388,282,4110080765220,77000,832,47612,550
4872,6,805397,7040,18,2168,12
4876,6,539206,6950,18,2074,12
4852,6,538051,7020,18,2168,12
4860,6,585042,6934,18,2074,12
4856,6,583917,7024,18,2168,12
4872,6,874097,7040,18,2168,12
4872,6,749833,7040,18,2168,12
6052,18,1522299,8598,38,2546,20
4856,6,712203,7024,18,2168,12
4868,6,541582,7036,18,2168,12
4856,6,1034666,7024,18,2168,12
56,1,511837752,168,3,112,2
5940,16,1745204,8350,34,2410,18
4876,6,549200,7044,18,2168,12
4852,6,559359,7020,18,2168,12
4852,6,551713,7020,18,2168,12
4852,6,550345,7020,18,2168,12
4872,6,539739,7040,18,2168,12
4868,6,506745061,7036,18,2168,12
4860,6,1219727,7028,18,2168,12
5506,8,664877,7692,22,2186,14
6148,10,1301927,8316,22,2168,12
5816,14,1465635,8226,32,2410,18
4876,6,614555,6950,18,2074,12
4876,6,537731,6950,18,2074,12
92,1,41631,184,2,92,1
4760,70,1044352707189,9520,140,4760,70
4872,6,843084,7040,18,2168,12
31982,306,4500063771309,84228,910,52246,604
5944,16,1431994,8218,32,2274,16
4852,6,530474,7020,18,2168,12
4860,6,573176,6934,18,2074,12
5940,16,1429729,8350,34,2410,18
4852,6,539835,7020,18,2168,12
4852,6,1068242,7020,18,2168,12
4868,6,536621,7036,18,2168,12
500500,3602,4911580651695,757164,7198,256664,3596
4856,6,587839,7024,18,2168,12
4868,6,830328,7036,18,2168,12
33934,326,4740192090169,88948,962,55014,636
5836,14,1395391,8246,32,2410,18
63664,736,5490558236763,103936,1128,40272,392
4872,6,896929,7040,18,2168,12
4860,6,905163,7028,18,2168,12
5832,14,1485836,8242,32,2410,18
4868,6,572683,7036,18,2168,12
5506,8,1042159,7674,20,2168,12
5820,14,1338106,8230,32,2410,18
35700,340,5070080140117,94520,1020,58820,680
4872,6,1226311,7040,18,2168,12
4868,6,575430,7036,18,2168,12
25114,242,3480063618119,65596,710,40482,468
4856,6,901017,7024,18,2168,12
4876,6,549450,6950,18,2074,12
4872,6,566021,7040,18,2168,12
4852,6,554255,7020,18,2168,12
4868,6,887431,7036,18,2168,12
4868,6,587997,7036,18,2168,12
5940,16,1338535,8214,32,2274,16
4856,6,563861,7024,18,2168,12
6040,18,1458678,8450,36,2410,18
34416,332,4770049177786,89776,972,55360,640
4868,6,546779,7036,18,2168,12
37036,364,4950555474260,93928,1020,56892,656
4856,6,563230,7024,18,2168,12
4860,6,560728,7028,18,2168,12
92,1,39928,184,2,92,1
6148,20,1634237,8694,40,2546,20
4852,6,538342,7020,18,2168,12
4868,6,569644,7036,18,2168,12
5514,8,1201073,7682,20,2168,12
4856,6,841508,7024,18,2168,12
869445,914,3705183630357,4716546,2680,3847101,1766
4872,6,825027,7040,18,2168,12
4872,6,778009,7040,18,2168,12
4856,6,550683,7024,18,2168,12
4876,6,558565,7044,18,2168,12
4860,6,532908,6934,18,2074,12
4872,6,539461,7040,18,2168,12
4852,6,551536,7020,18,2168,12
4868,6,587722,7036,18,2168,12
4868,6,532056,7036,18,2168,12
4876,6,1038768,7044,18,2168,12
4876,6,553266,6950,18,2074,12
4876,6,535535,6950,18,2074,12
4856,6,543412,7024,18,2168,12
4216,62,921918885994,8432,124,4216,62
4860,6,532683,6934,18,2074,12
4868,6,510069324,7036,18,2168,12
32884,316,4590081284927,86168,932,53284,616
4852,6,598555,7020,18,2168,12
92,1,32146,184,2,92,1
4860,6,1143345,7028,18,2168,12
4852,6,529733,7020,18,2168,12
4856,6,815805,7024,18,2168,12
22174,214,3060064967222,57812,626,35638,412
92,1,89370,184,2,92,1
5940,16,1372030,8214,32,2274,16
4868,6,538945,7036,18,2168,12
5940,16,1530580,8214,32,2274,16
6036,18,1188730,8446,36,2410,18
4860,6,535968,7028,18,2168,12
4872,6,1013097,7040,18,2168,12
4868,6,547551,7036,18,2168,12
5940,16,1396140,8214,32,2274,16
56,1,34112,112,2,56,1
4868,6,536909,7036,18,2168,12
2040,30,430112137366,4080,60,2040,30
4852,6,614740,7020,18,2168,12
4868,6,745775,7036,18,2168,12
4868,6,538819,7036,18,2168,12
31488,302,4410080093481,82560,892,51072,590
4852,6,625977,7020,18,2168,12
4876,6,539584,6950,18,2074,12
4856,6,986505,7024,18,2168,12
4852,6,537895,7020,18,2168,12
4872,6,857325,7040,18,2168,12
4868,6,881976,7036,18,2168,12
4868,6,529306,7036,18,2168,12
4852,6,547183,7020,18,2168,12
4876,6,558103,7044,18,2168,12
4872,6,863587,7040,18,2168,12
4856,6,886472,7024,18,2168,12
5944,16,1861859,8218,32,2274,16
4860,6,888569,6934,18,2074,12
4860,6,542290,6934,18,2074,12
5506,8,1221862,7674,20,2168,12
5944,16,1529333,8218,32,2274,16
680,10,122849039735,1360,20,680,10
5948,16,1489779,8222,32,2274,16
4852,6,551732,7020,18,2168,12
5940,16,1410709,8214,32,2274,16
23644,228,3270112163984,61704,668,38060,440
6052,18,1511760,8462,36,2410,18
4868,6,582013,7036,18,2168,12
4856,6,576303,7024,18,2168,12
5948,16,1555399,8222,32,2274,16
5832,14,1447368,8242,32,2410,18
5712,84,1259487765642,11424,168,5712,84
4868,6,995994,7036,18,2168,12
4868,6,804981,7036,18,2168,12
4868,6,506014561,7036,18,2168,12
5502,8,1413607,7670,20,2168,12
4852,6,529529,7020,18,2168,12
5506,8,1058547,7674,20,2168,12
4856,6,542702,7024,18,2168,12
4868,6,548158,7036,18,2168,12
23076,224,3150555251302,59480,644,36404,420
5832,14,1944347,8242,32,2410,18
4856,6,560034,7024,18,2168,12
4868,6,573903,7036,18,2168,12
4872,6,822394,7040,18,2168,12
4876,6,561879,7044,18,2168,12
4860,6,534137,7028,18,2168,12
4872,6,901877,7040,18,2168,12
4856,6,1002809,7024,18,2168,12
4860,6,558262,7028,18,2168,12
4872,6,912124,7040,18,2168,12
4868,6,768100,7036,18,2168,12
4868,6,545286,7036,18,2168,12
4852,6,551082,7020,18,2168,12
4872,6,544116,7040,18,2168,12
4868,6,259173866,7036,18,2168,12
4868,6,836727,7036,18,2168,12
4860,6,545792,6934,18,2074,12
33390,318,4740571971253,88404,954,55014,636
4860,6,575943,6934,18,2074,12
6052,18,1671661,8462,36,2410,18
4852,6,645203,7020,18,2168,12
5928,16,1517268,8202,32,2274,16
4852,6,552288,7020,18,2168,12
4860,6,535715,7028,18,2168,12
4868,6,538268,7036,18,2168,12
4868,6,1210599,7036,18,2168,12
5940,16,1528180,8214,32,2274,16
4856,6,587431,7024,18,2168,12
4868,6,579710,7036,18,2168,12
28808,280,3930589426246,74480,808,45672,528
4868,6,579126,7036,18,2168,12
2856,42,614401715328,5712,84,2856,42
4876,6,507974373,7044,18,2168,12
4860,6,563060,7028,18,2168,12
711443,752,3020054467110,3853485,2197,3142042,1445
5940,16,1406624,8214,32,2274,16
4856,6,507466977,7024,18,2168,12
30364,292,4230080772971,79496,860,49132,568
4868,6,853197,7036,18,2168,12
5506,8,663859,7692,22,2186,14
5944,16,1426523,8218,32,2274,16
4856,6,1103699,7024,18,2168,12
334078,2414,3290593689844,505962,4822,171884,2408
4852,6,791727,7020,18,2168,12
4868,6,600393,7036,18,2168,12
4852,6,555276,7020,18,2168,12
4872,6,565836,7040,18,2168,12
5948,16,1383687,8222,32,2274,16
4860,6,541811,7028,18,2168,12
4860,6,888991,7028,18,2168,12
4860,6,508021388,7028,18,2168,12
4876,6,541592,7044,18,2168,12
17090658,105130,3759264977444,27558596,210260,10467938,105130
4868,6,790733,7036,18,2168,12
4856,6,1116478,7024,18,2168,12
6036,18,1187083,8582,38,2546,20
4852,6,539880,7020,18,2168,12
4872,6,1024329,7040,18,2168,12
4852,6,546628,7020,18,2168,12
4872,6,838886,7040,18,2168,12
4868,6,565302,7036,18,2168,12
4852,6,556466,7020,18,2168,12
4872,6,856243,7040,18,2168,12
6152,10,1164651,8456,24,2304,14
37084,356,5190081724591,97288,1052,60204,696
2856,42,614368404483,5712,84,2856,42
4868,6,1002818,7036,18,2168,12
4876,6,553490,7044,18,2168,12
5928,16,1333283,8202,32,2274,16
22728581,13141,3630593210749,127256255,27307,104527674,14166
4876,6,556123,6950,18,2074,12
5828,14,1757213,8238,32,2410,18
4876,6,536739,7044,18,2168,12
4868,6,600393,7036,18,2168,12
5924,16,982958,8198,32,2274,16
4868,6,819663,7036,18,2168,12
5506,8,977978,7786,22,2280,14
4876,6,1748447,7044,18,2168,12
4860,6,536536,7028,18,2168,12
4868,6,534611,7036,18,2168,12
5940,16,2098021,8350,34,2410,18
4872,6,1183858,7040,18,2168,12
21135856,130012,4649283673155,34081332,260024,12945476,130012
4868,6,538418,7036,18,2168,12
4868,6,546846,7036,18,2168,12
6152,10,976778,8456,24,2304,14
4868,6,820701,7036,18,2168,12
4856,6,818983,7024,18,2168,12
332352,2392,3259037566112,503074,4784,170722,2392
4872,6,852283,7040,18,2168,12
4856,6,538495,7024,18,2168,12
5928,16,1441108,8338,34,2410,18
5498,8,1066773,7666,20,2168,12
5506,8,1208674,7674,20,2168,12
4860,6,528806,7028,18,2168,12
4876,6,552304,7044,18,2168,12
4852,6,566928,7020,18,2168,12
4856,6,527058,7024,18,2168,12
4876,6,646627,7044,18,2168,12
50516,584,4350079718992,81992,888,31476,304
4856,6,511503577,7024,18,2168,12
4856,6,843565,7024,18,2168,12
6152,10,1389722,8456,24,2304,14
4872,6,1089019,7040,18,2168,12
4872,6,576411,7040,18,2168,12
4868,6,568644,7036,18,2168,12
4876,6,539578,6950,18,2074,12
6036,18,1131449,8446,36,2410,18
5924,16,1006188,8198,32,2274,16
36392,348,5130079290449,95904,1036,59512,688
365568,2642,3601089808588,553770,5278,188202,2636
5940,16,1433635,8214,32,2274,16
4852,6,568339,7020,18,2168,12
4852,6,561040,7020,18,2168,12
4872,6,979723,7040,18,2168,12
4860,6,541421,6934,18,2074,12
4856,6,591919,7024,18,2168,12
5820,14,1338106,8230,32,2410,18
92,1,89370,184,2,92,1
4872,6,593742,7040,18,2168,12
4876,6,536950,6950,18,2074,12
4868,6,582013,7036,18,2168,12
5944,16,291774706,8354,34,2410,18
5928,16,1381604,8202,32,2274,16
4852,6,543536,7020,18,2168,12
4868,6,529158,7036,18,2168,12
4856,6,529029,7024,18,2168,12
253388,3550,4848217726795,740030,7108,486642,3558
4856,6,554125,7024,18,2168,12
4868,6,668936,7036,18,2168,12
5518,8,1032521,7686,20,2168,12
24360,232,3450080660838,64496,696,40136,464
6152,10,1107455,8456,24,2304,14
6060,18,1670109,8470,36,2410,18
4872,6,872384,7040,18,2168,12
4852,6,569265,7020,18,2168,12
27720,264,3930081552784,73392,792,45672,528
4852,6,550337,7020,18,2168,12
4868,6,1042967,7036,18,2168,12
4872,6,988615,7040,18,2168,12
23348,228,3150588701759,60024,652,36676,424
5924,16,963793,8198,32,2274,16
5948,16,1351658,8222,32,2274,16
4872,6,816290,7040,18,2168,12
4852,6,1051006,7020,18,2168,12
4868,6,1100929,7036,18,2168,12
4860,6,1735268,7028,18,2168,12
4868,6,564617,7036,18,2168,12
34354,330,4800100828291,90060,974,55706,644
4868,6,557586,7036,18,2168,12
4852,6,539286,7020,18,2168,12
6052,18,1532283,8462,36,2410,18
4876,6,531379,7044,18,2168,12
4868,6,541441,7036,18,2168,12
4868,6,498573386,7036,18,2168,12
4872,6,943273,7040,18,2168,12
6160,10,1266980,8464,24,2304,14
4872,6,1020897,7040,18,2168,12
4852,6,632419,7020,18,2168,12
5940,16,509708550,8214,32,2274,16
4868,6,560534,7036,18,2168,12
4868,6,903896,7036,18,2168,12
4876,6,566385,7044,18,2168,12
4872,6,1006521,7040,18,2168,12
4872,6,573528,7040,18,2168,12
6148,10,1153902,8452,24,2304,14
4868,6,600735,7036,18,2168,12
33872,324,4770046623019,89232,964,55360,640
4852,6,548524,7020,18,2168,12
4852,6,572205,7020,18,2168,12
4876,6,542433,7044,18,2168,12
4868,6,577269,7036,18,2168,12
33094,318,4620096473596,86724,938,53630,620
4760,70,1044863352538,9520,140,4760,70
5932,16,1654151,8342,34,2410,18
5940,16,1422888,8350,34,2410,18
5168,76,1136416626928,10336,152,5168,76
4856,6,1042453,7024,18,2168,12
4868,6,848589,7036,18,2168,12
4868,6,544580,7036,18,2168,12
4856,6,871495,7024,18,2168,12
4852,6,567825,7020,18,2168,12
4876,6,552210,7044,18,2168,12
1506400,1590,3200068026931,8163296,4650,6656896,3060
5820,14,1520580,8230,32,2410,18
4876,6,554384,7044,18,2168,12
4872,6,764918,7040,18,2168,12
4872,6,877050,7040,18,2168,12
4868,6,1364905,7036,18,2168,12
4872,6,534551,7040,18,2168,12
34502,330,4860098488237,90900,982,56398,652
4868,6,588480,7036,18,2168,12
4876,6,539586,7044,18,2168,12
4868,6,1005603,7036,18,2168,12
4876,6,534302,6950,18,2074,12
4856,6,583664,7024,18,2168,12
4868,6,763448,7036,18,2168,12
4856,6,540848,7024,18,2168,12
4876,6,530640,7044,18,2168,12
4868,6,805878,7036,18,2168,12
4872,6,885285,7040,18,2168,12
5828,14,1336524,8238,32,2410,18
4872,6,528725,7040,18,2168,12
4876,6,536790,7044,18,2168,12
4876,6,535454,7044,18,2168,12
4860,6,855278,7028,18,2168,12
33390,318,4740064119782,88404,954,55014,636
4856,6,548963,7024,18,2168,12
4876,6,576473,6950,18,2074,12
6060,18,1556014,8470,36,2410,18
5924,16,1228143,8198,32,2274,16
4852,6,1442430,7020,18,2168,12
56052,648,4830048763075,91160,988,35108,340
5932,16,72720201,8206,32,2274,16
4876,6,533863,6950,18,2074,12
4860,6,999180,7028,18,2168,12
5836,14,1364859,8246,32,2410,18
4852,6,544772,7020,18,2168,12
4872,6,851949,7040,18,2168,12
38344,368,5370082968992,100624,1088,62280,720
5522,8,653325,7802,22,2280,14
4852,6,549927,7020,18,2168,12
4868,6,790720,7036,18,2168,12
4856,6,581452,7024,18,2168,12
4868,6,575956,7036,18,2168,12
4860,6,541922,6934,18,2074,12
4868,6,576350,7036,18,2168,12
4856,6,785701,7024,18,2168,12
24409204,150148,5369279960541,39359648,300296,14950444,150148
2312,34,491839330132,4624,68,2312,34
4852,6,606457,7020,18,2168,12
4868,6,854338,7036,18,2168,12
4856,6,1050449,7024,18,2168,12
4760,70,1044384474308,9520,140,4760,70
4876,6,539484,7044,18,2168,12
24484,236,3390080173804,63928,692,39444,456
32402,310,4560096933912,85340,922,52938,612
4868,6,843818,7036,18,2168,12
4868,6,574951,7036,18,2168,12
4488,66,983327330151,8976,132,4488,66
4876,6,541114,7044,18,2168,12
4868,6,846760,7036,18,2168,12
4868,6,547069,7036,18,2168,12
4876,6,560644,7044,18,2168,12
4852,6,2018671,7020,18,2168,12
5514,8,671569,7794,22,2280,14
56,1,195221,168,3,112,2
4868,6,610727,7036,18,2168,12
4876,6,539266,7044,18,2168,12
4868,6,930658,7036,18,2168,12
4860,6,652535,7028,18,2168,12
27572,264,3870112211104,72552,784,44980,520
33280,324,4530620985962,85872,932,52592,608
4852,6,547333,7020,18,2168,12
2399296,2524,5120046747202,13036660,7408,10637364,4884
4856,6,812738,7024,18,2168,12
488492,3530,4813122306384,740038,7054,251546,3524
4872,6,796137,7040,18,2168,12
4852,6,696173,7020,18,2168,12
37232,356,5250080572131,98128,1060,60896,704
5518,8,1139858,7686,20,2168,12
5940,16,1360088,8214,32,2274,16
6160,10,1246651,8464,24,2304,14
4868,6,564679,7036,18,2168,12
5944,16,1535187,8354,34,2410,18
5932,16,1391454,8206,32,2274,16
4872,6,998791,7040,18,2168,12
4856,6,554663,7024,18,2168,12
4852,6,1189450,7020,18,2168,12
4868,6,545508,7036,18,2168,12
4868,6,789298,7036,18,2168,12
4856,6,541269,7024,18,2168,12
4868,6,555483,7036,18,2168,12
4860,6,585268,7028,18,2168,12
6036,18,1181443,8446,36,2410,18
4860,6,744183,7028,18,2168,12
28820,278,3990491785581,75048,812,46228,534
5924,16,976498,8198,32,2274,16
5948,16,1092129,8116,32,2168,16
25472,244,3570080613526,66992,724,41520,480
4876,6,533316,7044,18,2168,12
5924,16,984905,8198,32,2274,16
4868,6,791953,7036,18,2168,12
4868,6,1068842,7036,18,2168,12
4856,6,560856,7024,18,2168,12
6036,18,1096049,8446,36,2410,18
4856,6,830992,7024,18,2168,12
4868,6,723456,7036,18,2168,12
4856,6,906935,7024,18,2168,12
4868,6,507341924,7036,18,2168,12
5828,14,1488906,8238,32,2410,18
29154,284,3960477316293,75172,816,46018,532
269224,3772,5158028480614,793020,7556,523796,3784
4872,6,541683,7040,18,2168,12
4856,6,580305,7024,18,2168,12
4868,6,839300,7036,18,2168,12
4080,60,890759438281,8160,120,4080,60
6040,18,1618793,8450,36,2410,18
38492,368,5430397528438,101464,1096,62972,728
4868,6,549918,7036,18,2168,12
33479284,23729,5300576486416,186096466,44999,152617182,21270
5576,82,1228958701077,11152,164,5576,82
4856,6,836954,7024,18,2168,12
4876,6,548346,6950,18,2074,12
4872,6,1079857,7040,18,2168,12
5836,14,1366310,8246,32,2410,18
4872,6,894202,7040,18,2168,12
4868,6,831582,7036,18,2168,12
4868,6,533762,7036,18,2168,12
34726,342,4620603314049,87812,954,53086,612
4856,6,853095,7024,18,2168,12
4852,6,526551,7020,18,2168,12
4872,6,1115380,7040,18,2168,12
6148,10,1249455,8452,24,2304,14
4852,6,559359,7020,18,2168,12
5820,14,1390162,8230,32,2410,18
5506,8,1447320,7674,20,2168,12
4860,6,531664,6934,18,2074,12
5518,8,1285742,7798,22,2280,14
5944,16,2443969,8218,32,2274,16
92,1,32624,184,2,92,1
4876,6,546920,6950,18,2074,12
32674,314,4560032830924,85612,926,52938,612
30092,288,4230049813566,79224,856,49132,568
4868,6,572828,7036,18,2168,12
4872,6,843702,7040,18,2168,12
4852,6,1298166,7020,18,2168,12
31982,306,4500063718392,84228,910,52246,604
5820,14,1666127,8230,32,2410,18
6040,18,1705739,8450,36,2410,18
5940,16,1362891,8214,32,2274,16
4852,6,762179,7020,18,2168,12
5514,8,1146344,7682,20,2168,12
216734,3036,4146717469262,633064,6080,416330,3044
6152,20,1600117,8698,40,2546,20
4868,6,564642,7036,18,2168,12
6036,18,1084030,8446,36,2410,18
4856,6,556883,7024,18,2168,12
4856,6,819158,7024,18,2168,12
5506,8,1431071,7674,20,2168,12
4868,6,803553,7036,18,2168,12
4860,6,866897,7028,18,2168,12
29400,280,4170113287599,77840,840,48440,560
4868,6,803553,7036,18,2168,12
4872,6,561922,7040,18,2168,12
4852,6,1371472,7020,18,2168,12
6168,20,1592462,8714,40,2546,20
4868,6,537089,7036,18,2168,12
4868,6,1188194,7036,18,2168,12
5816,14,511446930,8226,32,2410,18
4876,6,535225,6950,18,2074,12
4872,6,728705,7040,18,2168,12
4860,6,575929,6934,18,2074,12
4852,6,1145015,7020,18,2168,12
4872,6,796425,7040,18,2168,12
4860,6,810319,7028,18,2168,12
5944,16,1391889,8218,32,2274,16
4860,6,553684,7028,18,2168,12
4852,6,550099,7020,18,2168,12
408,6,61347947172,816,12,408,6
4872,6,831861,7040,18,2168,12
6044,18,1706118,8454,36,2410,18
4852,6,536709,7020,18,2168,12
5502,8,1457560,7670,20,2168,12
5816,14,1491143,8226,32,2410,18
4852,6,570791,7020,18,2168,12
4860,6,1075363,6934,18,2074,12
4868,6,550461,7036,18,2168,12
4868,6,814982,7036,18,2168,12
4852,6,533059,7020,18,2168,12
4868,6,529143,7036,18,2168,12
4876,6,543031,7044,18,2168,12
4872,6,588402,7040,18,2168,12
4852,6,1789042,7020,18,2168,12
15044360,92540,3309279341362,24258700,185080,9214340,92540
4868,6,552995,7036,18,2168,12
4852,6,553639,7020,18,2168,12
5514,8,662549,7794,22,2280,14
4856,6,561194,7024,18,2168,12
5498,8,706062,7778,22,2280,14
4868,6,546413,7036,18,2168,12
92,1,42434,184,2,92,1
5948,16,1690263,8222,32,2274,16
4868,6,871374,7036,18,2168,12
5940,16,1748888,8214,32,2274,16
5940,16,1679797,8214,32,2274,16
4872,6,863465,7040,18,2168,12
4868,6,1967839,7036,18,2168,12
4876,6,508514464,7044,18,2168,12
544,8,92321624710,1088,16,544,8
4856,6,835377,7024,18,2168,12
4868,6,555483,7036,18,2168,12
4872,6,1116370,7040,18,2168,12
36244,348,5070081353406,95064,1028,58820,680
30290,292,4200571420862,78940,854,48650,562
4872,6,570797,7040,18,2168,12
4868,6,852633,7036,18,2168,12
4860,6,552566,6934,18,2074,12
4852,6,562857,7020,18,2168,12
5924,16,995913,8198,32,2274,16
4856,6,851138,7024,18,2168,12
4868,6,848679,7036,18,2168,12
4872,6,840744,7040,18,2168,12
5518,8,1135180,7798,22,2280,14
24360,232,3450047948876,64496,696,40136,464
4860,6,554686,7028,18,2168,12
4860,6,537236,6934,18,2074,12
4852,6,558167,7020,18,2168,12
4868,6,533324,7036,18,2168,12
4872,6,1056979,7040,18,2168,12
4876,6,667064,7044,18,2168,12
4872,6,909565,7040,18,2168,12
4876,6,576613,7044,18,2168,12
6152,10,1353634,8456,24,2304,14
4872,6,584371,7040,18,2168,12
4852,6,570994,7020,18,2168,12
4852,6,538361,7020,18,2168,12
6284,12,507056882,8588,26,2304,14
4860,6,552784,6934,18,2074,12
4868,6,578195,7036,18,2168,12
4856,6,823024,7024,18,2168,12
4868,6,542764,7036,18,2168,12
4876,6,554057,7044,18,2168,12
4852,6,1116757,7020,18,2168,12
4876,6,1129963,7044,18,2168,12
4868,6,566813,7036,18,2168,12
92,1,32869,184,2,92,1
4868,6,537317,7036,18,2168,12
5828,14,1518068,8238,32,2410,18
4868,6,545258,7036,18,2168,12
4876,6,550846,7044,18,2168,12
4852,6,645790,7020,18,2168,12
6052,18,1465536,8462,36,2410,18
4852,6,792719,7020,18,2168,12
4868,6,810910,7036,18,2168,12
4868,6,1055364,7036,18,2168,12
6160,10,1222506,8464,24,2304,14
92,1,31265,184,2,92,1
6152,10,1877277,8456,24,2304,14
4852,6,505269107,7020,18,2168,12
4860,6,534446,7028,18,2168,12
21828,210,3030081031898,56984,616,35156,406
5820,14,1370503,8230,32,2410,18
4856,6,551121,7024,18,2168,12
4868,6,880936,7036,18,2168,12
4876,6,536149,7044,18,2168,12
4852,6,915395,7020,18,2168,12
4852,6,530102,7020,18,2168,12
6168,20,1577194,8714,40,2546,20
4852,6,535939,7020,18,2168,12
4856,6,546615,7024,18,2168,12
4852,6,544059,7020,18,2168,12
4852,6,541438,7020,18,2168,12
4876,6,526069,7044,18,2168,12
4876,6,542752,7044,18,2168,12
5498,8,713600,7778,22,2280,14
5518,8,1115266,7798,22,2280,14
4868,6,1667210,7036,18,2168,12
4868,6,580502,7036,18,2168,12
6056,18,1519321,8466,36,2410,18
4868,6,530519,7036,18,2168,12
4876,6,550087,7044,18,2168,12
4868,6,540449,7036,18,2168,12
4876,6,525885,6950,18,2074,12
92,1,31654,184,2,92,1
4856,6,537653,7024,18,2168,12
34516,340,4590555476720,87256,948,52740,608
473262,3420,4662625153577,716958,6834,243696,3414
4860,6,585268,7028,18,2168,12
4868,6,583168,7036,18,2168,12
4876,6,501930724,7044,18,2168,12
92,1,31692,184,2,92,1
5944,16,1505720,8218,32,2274,16
37800,360,5370081319371,100080,1080,62280,720
4852,6,546031,7020,18,2168,12
6164,10,1382616,8468,24,2304,14
5948,16,1423427,8222,32,2274,16
4868,6,533068,7036,18,2168,12
4868,6,842662,7036,18,2168,12
25398,244,3540191961603,66436,718,41038,474
37294,358,5220064665109,97844,1058,60550,700
4876,6,587024,6950,18,2074,12
4872,6,1134393,7040,18,2168,12
4868,6,563088,7036,18,2168,12
4856,6,558267,7024,18,2168,12
4856,6,570702,7024,18,2168,12
4868,6,529158,7036,18,2168,12
6056,18,1598184,8466,36,2410,18
5502,8,1229251,7782,22,2280,14
4856,6,994387,7024,18,2168,12
4868,6,529863,7036,18,2168,12
37022,354,5220096416650,97572,1054,60550,700
92,1,40060,184,2,92,1
4876,6,528112,6950,18,2074,12
6152,10,1351268,8456,24,2304,14
4868,6,554874,7036,18,2168,12
4860,6,1117134,7028,18,2168,12
4872,6,842377,7040,18,2168,12
4852,6,534614,7020,18,2168,12
4876,6,534141,7044,18,2168,12
5828,14,1407964,8238,32,2410,18
4876,6,530268,7044,18,2168,12
4852,6,567330,7020,18,2168,12
415936,2994,4080061749659,629666,5988,213730,2994
4868,6,554354,7036,18,2168,12
56,1,1811225,168,3,112,2
4868,6,545668,7036,18,2168,12
4872,6,579104,7040,18,2168,12
4860,6,561623,6934,18,2074,12
450830,3258,4442114213251,682992,6510,232162,3252
4868,6,699837,7036,18,2168,12
4868,6,568428,7036,18,2168,12
4852,6,530474,7020,18,2168,12
4872,6,544168,7040,18,2168,12
4868,6,545318,7036,18,2168,12
5940,16,1378745,8214,32,2274,16
27782,266,3900096182578,73108,790,45326,524
6044,18,1565516,8454,36,2410,18
4868,6,936710,7036,18,2168,12
92,1,32254,184,2,92,1
5928,16,1690934,8202,32,2274,16
4860,6,850606,7028,18,2168,12
25362,250,3360063824818,63916,694,38554,444
4872,6,1004500,7040,18,2168,12
5928,16,1356885,8202,32,2274,16
5928,16,1367626,8202,32,2274,16
4868,6,553484,7036,18,2168,12
6036,18,1107249,8446,36,2410,18
92,1,40060,184,2,92,1
4872,6,539127,7040,18,2168,12
4876,6,541587,7044,18,2168,12
349562,2546,3469534623647,531274,5092,181712,2546
4868,6,838085,7036,18,2168,12
4852,6,557774,7020,18,2168,12
49478,572,4260068284710,80324,870,30846,298
4856,6,554929,7024,18,2168,12
4856,6,980000,7024,18,2168,12
28474,274,3959968537722,74492,806,46018,532
4868,6,577680,7036,18,2168,12
6164,10,1350683,8468,24,2304,14
4868,6,577959,7036,18,2168,12
4868,6,545880,7036,18,2168,12
5948,16,1511308,8222,32,2274,16
4852,6,552104,7020,18,2168,12
4876,6,556159,7044,18,2168,12
4852,6,553179,7020,18,2168,12
35824,344,5010080168621,93952,1016,58128,672
6052,18,1488602,8462,36,2410,18
4868,6,541032,7036,18,2168,12
4872,6,545953,7040,18,2168,12
4860,6,934840,7028,18,2168,12
4868,6,546061,7036,18,2168,12
4868,6,572670,7036,18,2168,12
4868,6,615639,7036,18,2168,12
4856,6,591400,7024,18,2168,12
4852,6,543513,7020,18,2168,12
2720,40,583458127367,5440,80,2720,40
4860,6,971565,7028,18,2168,12
4852,6,561496,7020,18,2168,12
6164,10,1088549,8468,24,2304,14
4872,6,1159816,7040,18,2168,12
4868,6,512296773,7036,18,2168,12
4868,6,547834,7036,18,2168,12
36640,356,5010588707546,94768,1028,58128,672
4872,6,548559,7040,18,2168,12
5948,16,1500555,8222,32,2274,16
4872,6,985159,7040,18,2168,12
4868,6,577545,7036,18,2168,12
4860,6,983092,7028,18,2168,12
4868,6,533303,7036,18,2168,12
27362,262,3840063871598,71996,778,44634,516
4852,6,539945,7020,18,2168,12
4872,6,801371,7040,18,2168,12
4852,6,543866,7020,18,2168,12
5828,14,1508923,8238,32,2410,18
4868,6,1188194,7036,18,2168,12
4872,6,830927,7040,18,2168,12
4868,6,534508,7036,18,2168,12
495610,3610,4921601629753,752892,7214,257282,3604
5940,16,2037483,8214,32,2274,16
4868,6,552041,7036,18,2168,12
4852,6,826149,7020,18,2168,12
6040,18,1718774,8450,36,2410,18
4876,6,548560,7044,18,2168,12
4860,6,866628,7028,18,2168,12
4868,6,809498,7036,18,2168,12
4868,6,607029,7036,18,2168,12
4868,6,580573,7036,18,2168,12
4876,6,537012,7044,18,2168,12
5506,8,986507,7674,20,2168,12
5944,16,1522704,8218,32,2274,16
4872,6,544108,7040,18,2168,12
25534,246,3540064896216,66708,722,41174,476
4868,6,532751,7036,18,2168,12
4860,6,995515,7028,18,2168,12
29042,278,4080063349476,76444,826,47402,548
4876,6,562147,6950,18,2074,12
31352,300,4410080046348,82560,892,51208,592
6040,18,1531555,8450,36,2410,18
5832,14,1510718,8242,32,2410,18
6152,10,1061078,8456,24,2304,14
4860,6,830137,6934,18,2074,12
4872,6,806102,7040,18,2168,12
4876,6,535127,7044,18,2168,12
6036,18,3021667,8446,36,2410,18
4852,6,548524,7020,18,2168,12
4876,6,575733,7044,18,2168,12
4852,6,542701,7020,18,2168,12
4488,66,983327731087,8976,132,4488,66
4868,6,819342,7036,18,2168,12
4868,6,817160,7036,18,2168,12
4852,6,598192,7020,18,2168,12
4876,6,567278,6950,18,2074,12
4856,6,555846,7024,18,2168,12
4856,6,552855,7024,18,2168,12
4876,6,541606,7044,18,2168,12
4868,6,565851,7036,18,2168,12
4868,6,570897,7036,18,2168,12
5828,14,2046249,8238,32,2410,18
317358,2312,3150046971756,482418,4624,165060,2312
4876,6,533517,7044,18,2168,12
403708,2906,3960064874861,611158,5812,207450,2906
4860,6,1033876,7028,18,2168,12
4852,6,535742,7020,18,2168,12
6044,18,1563827,8454,36,2410,18
4868,6,589063,7036,18,2168,12
5932,16,1485358,8206,32,2274,16
167038,2340,3195481739562,488166,4688,321128,2348
6060,18,1547362,8470,36,2410,18
4856,6,585248,7024,18,2168,12
5522,8,672590,7708,22,2186,14
6052,18,2274637,8462,36,2410,18
4872,6,808765,7040,18,2168,12
5522,8,508886205,7802,22,2280,14
5928,16,1515164,8202,32,2274,16
4872,6,577321,7040,18,2168,12
4876,6,1086325,7044,18,2168,12
6052,18,2068329,8462,36,2410,18
4852,6,565713,7020,18,2168,12
4868,6,573903,7036,18,2168,12
4856,6,1416772,7024,18,2168,12
1669174,1758,3555167634120,9052124,5150,7382950,3392
4876,6,726916,6950,18,2074,12
4876,6,1184918,7044,18,2168,12
136,2,175475,272,4,136,2
4856,6,1012720,7024,18,2168,12
4868,6,548962,7036,18,2168,12
4856,6,587827,7024,18,2168,12
5948,16,1400615,8222,32,2274,16
4868,6,557863,7036,18,2168,12
3128,46,675902557250,6256,92,3128,46
4860,6,566480,7028,18,2168,12
36306,350,5040065083542,94780,1026,58474,676
383422,2760,3759550138736,580426,5520,197004,2760
5820,14,1339117,8230,32,2410,18
4868,6,800845,7036,18,2168,12
5828,14,1351448,8238,32,2410,18
4868,6,569033,7036,18,2168,12
37232,356,5250080581796,98128,1060,60896,704
22112,212,3090082863688,58096,628,35984,416
4856,6,560855,7024,18,2168,12
6148,20,1253884,8694,40,2546,20
4852,6,564572,7020,18,2168,12
5836,14,1366310,8246,32,2410,18
4860,6,553309,7028,18,2168,12
5944,16,1837927,8218,32,2274,16
62626,724,5400193083530,102268,1110,39642,386
4860,6,537819,6934,18,2074,12
4852,6,621561,7020,18,2168,12
5820,14,1373367,8230,32,2410,18
6160,10,1246471,8464,24,2304,14
4860,6,538368,6934,18,2074,12
5948,16,1351658,8222,32,2274,16
4876,6,759708,6950,18,2074,12
2312,34,491775546988,4624,68,2312,34
4852,6,541785,7020,18,2168,12
4876,6,502997205,7044,18,2168,12
92,1,30728,184,2,92,1
4876,6,542409,6950,18,2074,12
4868,6,579300,7036,18,2168,12
5940,16,1441132,8214,32,2274,16
1768,26,368481407612,3536,52,1768,26
4852,6,858005,7020,18,2168,12
4856,6,557152,7024,18,2168,12
5924,16,1215169,8198,32,2274,16
6288,12,510762931,8592,26,2304,14
6160,10,512126117,8464,24,2304,14
4876,6,524445,6950,18,2074,12
6160,10,1280421,8464,24,2304,14
5924,16,991306,8198,32,2274,16
5812,14,518836600,8222,32,2410,18
5832,14,1408864,8242,32,2410,18
33650,324,4680571593624,87836,950,54186,626
173726,2434,3325689555788,507780,4876,334054,2442
56,1,1079264,168,3,112,2
27930,266,3960571564571,73948,798,46018,532
403946,2942,4010049360799,613510,5878,209564,2936
4872,6,982325,7040,18,2168,12
5940,16,1355922,8214,32,2274,16
4856,6,818983,7024,18,2168,12
4860,6,1028949,7028,18,2168,12
4860,6,995142,7028,18,2168,12
4852,6,562852,7020,18,2168,12
24274,234,3360096816415,63372,686,39098,452
4852,6,536633,7020,18,2168,12
5940,16,1483154,8350,34,2410,18
4852,6,870897,7020,18,2168,12
180278,2526,3455680356271,531592,5064,351314,2538
285468,4000,5468515211323,840816,8012,555348,4012
6152,10,1061078,8456,24,2304,14
4872,6,716867,7040,18,2168,12
4868,6,558029,7036,18,2168,12
4876,6,566410,6950,18,2074,12
4872,6,529682,7040,18,2168,12
242052,3392,4627270156184,715822,6788,473770,3396
4860,6,550583,7028,18,2168,12
25880,250,3570587184741,67264,728,41384,478
4868,6,552478,7036,18,2168,12
34984,336,4890080764890,91728,992,56744,656
6152,10,1370645,8456,24,2304,14
4872,6,868694,7040,18,2168,12
487652,3552,4841568911275,740768,7098,253116,3546
4868,6,547546,7036,18,2168,12
4856,6,559359,7024,18,2168,12
6148,20,1214889,8694,40,2546,20
5940,16,1368602,8214,32,2274,16
4852,6,612346,7020,18,2168,12
4876,6,531589,7044,18,2168,12
4872,6,866410,7040,18,2168,12
4868,6,571398,7036,18,2168,12
4852,6,555730,7020,18,2168,12
4868,6,570913,7036,18,2168,12
6160,10,1789638,8464,24,2304,14
5522,8,660832,7802,22,2280,14
6152,10,1424936,8456,24,2304,14
4860,6,553644,7028,18,2168,12
4872,6,1043706,7040,18,2168,12
2856,42,614369076420,5712,84,2856,42
4868,6,596141,7036,18,2168,12
4216,62,921287358601,8432,124,4216,62
4876,6,535126,6950,18,2074,12
4860,6,546945,7028,18,2168,12
5836,14,1607902,8246,32,2410,18
4868,6,831743,7036,18,2168,12
5924,16,1302228,8198,32,2274,16
4872,6,564838,7040,18,2168,12
4876,6,561513,6950,18,2074,12
4860,6,548133,7028,18,2168,12
4872,6,1014096,7040,18,2168,12
6148,10,1306624,8316,22,2168,12
6164,10,1256441,8468,24,2304,14
5828,14,1470795,8238,32,2410,18
25744,248,3570080364926,67264,728,41520,480
4872,6,886167,7040,18,2168,12
4876,6,548680,6950,18,2074,12
4852,6,547332,7020,18,2168,12
4860,6,552739,7028,18,2168,12
4852,6,530281,7020,18,2168,12
4856,6,993879,7024,18,2168,12
4868,6,533570,7036,18,2168,12
4868,6,555864,7036,18,2168,12
1938654,2042,4130056668298,10522518,5982,8583864,3940
4872,6,568648,7040,18,2168,12
4856,6,784133,7024,18,2168,12
5506,8,1160085,7674,20,2168,12
4860,6,547732,7028,18,2168,12
3264,48,706400678536,6528,96,3264,48
4868,6,1105009,7036,18,2168,12
4868,6,610727,7036,18,2168,12
4852,6,588875,7020,18,2168,12
4876,6,573687,7044,18,2168,12
5518,8,1110934,7798,22,2280,14
4856,6,649196,7024,18,2168,12
4856,6,865404,7024,18,2168,12
4868,6,574540,7036,18,2168,12
4856,6,546701,7024,18,2168,12
5168,76,1136927007770,10336,152,5168,76
6160,10,1069211,8464,24,2304,14
244104,3420,4677220018307,719172,6852,475068,3432
4872,6,826053,7040,18,2168,12
4852,6,761632,7020,18,2168,12
56,1,74826,168,3,112,2
25324,244,3510050824594,66152,716,40828,472
5940,16,1477962,8214,32,2274,16
4860,6,559706,7028,18,2168,12
6060,18,1533996,8470,36,2410,18
5816,14,1341018,8226,32,2410,18
6052,18,1482266,8462,36,2410,18
4868,6,575647,7036,18,2168,12
4860,6,592012,7028,18,2168,12
3536,52,767586358595,7072,104,3536,52
4856,6,556329,7024,18,2168,12
4868,6,654144,7036,18,2168,12
4852,6,558501,7020,18,2168,12
4868,6,805507,7036,18,2168,12
4872,6,567525,7040,18,2168,12
5932,16,1539409,8342,34,2410,18
4860,6,875917,6934,18,2074,12
1118057,1175,4770056193557,6073464,3448,4955407,2273
33934,326,4740192030868,88948,962,55014,636
4876,6,1162784,6950,18,2074,12
4860,6,1134423,7028,18,2168,12
5820,14,1343799,8230,32,2410,18
5924,16,1010198,8198,32,2274,16
26880,256,3810078307407,71168,768,44288,512
5832,14,1378697,8242,32,2410,18
4868,6,558011,7036,18,2168,12
4868,6,817838,7036,18,2168,12
4856,6,582055,7024,18,2168,12
4868,6,805512,7036,18,2168,12
346544,2524,3439044021713,526686,5048,180142,2524
4868,6,567303,7036,18,2168,12
16589938,102050,3649279779188,26751196,204100,10161258,102050
4852,6,543536,7020,18,2168,12
3808,56,829470736039,7616,112,3808,56
5816,14,511832016,8226,32,2410,18
4872,6,506570399,7040,18,2168,12
3808,56,828995345562,7616,112,3808,56
4856,6,546743,7024,18,2168,12
4868,6,959779,7036,18,2168,12
4852,6,532307,7020,18,2168,12
6040,18,1656004,8450,36,2410,18
4872,6,511431356,7040,18,2168,12
4856,6,1151189,7024,18,2168,12
4868,6,558614,7036,18,2168,12
3944,58,860000153330,7888,116,3944,58
4860,6,549411,7028,18,2168,12
4872,6,931322,7040,18,2168,12
680,10,122848294865,1360,20,680,10
4856,6,730314,7024,18,2168,12
4868,6,1107992,7036,18,2168,12
4860,6,551691,7028,18,2168,12
32748,314,4590080687836,85896,928,53148,614
4868,6,1060282,7036,18,2168,12
4868,6,729247,7036,18,2168,12
5948,16,1370040,8222,32,2274,16
4872,6,759661,7040,18,2168,12
4872,6,1196629,7040,18,2168,12
4868,6,616267,7036,18,2168,12
4856,6,990718,7024,18,2168,12
4852,6,580389,7020,18,2168,12
4868,6,970780,7036,18,2168,12
4868,6,991709,7036,18,2168,12
4860,6,558527,6934,18,2074,12
4876,6,565614,6950,18,2074,12
92,1,31125,184,2,92,1
4868,6,925645,7036,18,2168,12
56,1,37257,132,2,76,1
4876,6,533833,7044,18,2168,12
4852,6,553605,7020,18,2168,12
27536,270,3690555578885,70032,760,42496,490
92,1,31097,184,2,92,1
5506,8,663859,7692,22,2186,14
3944,58,859968398300,7888,116,3944,58
5836,14,1462856,8246,32,2410,18
4860,6,1032755,7028,18,2168,12
4852,6,541320,7020,18,2168,12
4868,6,1001579,7036,18,2168,12
4868,6,851317,7036,18,2168,12
6152,10,1507501,8456,24,2304,14
4852,6,531623,7020,18,2168,12
4856,6,571204,7024,18,2168,12
92,1,29854,184,2,92,1
5956,16,1462487,8124,32,2168,16
5940,16,1417442,8350,34,2410,18
4876,6,1722948,7044,18,2168,12
4876,6,533764,7044,18,2168,12
5828,14,1466053,8238,32,2410,18
4876,6,575790,7044,18,2168,12
4868,6,534756,7036,18,2168,12
5518,8,1399191,7686,20,2168,12
4852,6,550801,7020,18,2168,12
4852,6,1126566,7020,18,2168,12
4856,6,584185,7024,18,2168,12
4868,6,833475,7036,18,2168,12
4868,6,528777,7036,18,2168,12
38702,370,5459937902522,102020,1102,63318,732
2305966,2422,4920056537723,12528298,7110,10222332,4688
6164,20,4055615,8710,40,2546,20
6152,10,1405021,8456,24,2304,14
4876,6,549437,6950,18,2074,12
4856,6,564153,7024,18,2168,12
6044,18,506613438,8454,36,2410,18
31934,314,4260573665524,80868,878,48934,564
92,1,32550,184,2,92,1
4856,6,997157,7024,18,2168,12
38430,366,5460098809372,101748,1098,63318,732
5518,8,659623,7686,20,2168,12
35120,338,4890587454515,91728,992,56608,654
4876,6,554400,7044,18,2168,12
5832,14,1394172,8242,32,2410,18
4872,6,966691,7040,18,2168,12
3400,50,737440117126,6800,100,3400,50
35330,340,4920572613843,92284,998,56954,658
4856,6,554036,7024,18,2168,12
4852,6,640884,7020,18,2168,12
4856,6,834010,7024,18,2168,12
4868,6,661416,7036,18,2168,12
24904,240,3450047983552,65040,704,40136,464
4868,6,1292807,7036,18,2168,12
6284,12,1214307,8588,26,2304,14
5832,14,1330011,8242,32,2410,18
215164,3014,4116699157000,628486,6036,413322,3022
5940,16,1419588,8214,32,2274,16
4872,6,955235,7040,18,2168,12
41866,484,3600067216817,68092,738,26226,254
24570,234,3480067741693,65052,702,40482,468
21420,204,3030047804197,56712,612,35292,408
4868,6,578745,7036,18,2168,12
5940,16,1884742,8350,34,2410,18
23520,224,3330047505937,62272,672,38752,448
4860,6,778166,6934,18,2074,12
4868,6,510069324,7036,18,2168,12
4852,6,527354,7020,18,2168,12
4860,6,535282,6934,18,2074,12
4860,6,534914,6934,18,2074,12
4876,6,1464851,7044,18,2168,12
4856,6,536651,7024,18,2168,12
4876,6,555104,7044,18,2168,12
4868,6,565113,7036,18,2168,12
6036,18,1186261,8446,36,2410,18
4852,6,534147,7020,18,2168,12
4872,6,555587,7040,18,2168,12
5828,14,1376127,8238,32,2410,18
6164,10,1362838,8468,24,2304,14
6160,10,1537129,8464,24,2304,14
4856,6,548134,7024,18,2168,12
5928,16,510083174,8338,34,2410,18
4872,6,796216,7040,18,2168,12
5820,14,1393280,8230,32,2410,18
4856,6,538091,7024,18,2168,12
4868,6,550930,7036,18,2168,12
4852,6,544772,7020,18,2168,12
4868,6,559631,7036,18,2168,12
4860,6,1436970,7028,18,2168,12
4868,6,1273390,7036,18,2168,12
30092,288,4230047955752,79224,856,49132,568
4868,6,564821,7036,18,2168,12
5514,8,860540,7682,20,2168,12
4868,6,553883,7036,18,2168,12
6284,12,507056882,8588,26,2304,14
4856,6,544813,7024,18,2168,12
4856,6,796826,7024,18,2168,12
4856,6,536316,7024,18,2168,12
4852,6,598555,7020,18,2168,12
4852,6,593225,7020,18,2168,12
4856,6,632117,7024,18,2168,12
4852,6,532966,7020,18,2168,12
6300,12,1190053,8604,26,2304,14
4856,6,1221678,7024,18,2168,12
5924,16,1046032,8334,34,2410,18
6036,18,1082612,8446,36,2410,18
4876,6,525101,7044,18,2168,12
4856,6,821979,7024,18,2168,12
6036,18,1203264,8446,36,2410,18
4852,6,553804,7020,18,2168,12
4876,6,736076,7044,18,2168,12
35552,340,5010080126443,93680,1012,58128,672
4856,6,556766,7024,18,2168,12
4860,6,832130,7028,18,2168,12
4872,6,998791,7040,18,2168,12
37022,428,3180287211959,60308,654,23286,226
384950,2782,3791201151126,583116,5558,198166,2776
27140,262,3750556115733,70600,764,43460,502
40544,396,5490558084427,103664,1124,63120,728
4868,6,539364,7036,18,2168,12
4872,6,971156,7040,18,2168,12
4876,6,536914,6950,18,2074,12
4080,60,890759309120,8160,120,4080,60
5924,16,1292064,8198,32,2274,16
27782,266,3900064973510,73108,790,45326,524
5940,16,1406624,8214,32,2274,16
4852,6,556300,7020,18,2168,12
1464346,1546,3110044968503,7933944,4520,6469598,2974
4852,6,561225,7020,18,2168,12
4852,6,1258458,7020,18,2168,12
4860,6,614825,6934,18,2074,12
4852,6,563769,7020,18,2168,12
62626,724,5400193083530,102268,1110,39642,386
4872,6,1127444,7040,18,2168,12
4868,6,699361,7036,18,2168,12
4856,6,542601,7024,18,2168,12
4868,6,571450,7036,18,2168,12
5304,78,1167457455669,10608,156,5304,78
4860,6,802192,7028,18,2168,12
4872,6,555879,7040,18,2168,12
4868,6,597132,7036,18,2168,12
781061,824,3320058786941,4233812,2411,3452751,1587
4876,6,540280,7044,18,2168,12
4868,6,551559,7036,18,2168,12
4868,6,553034,7036,18,2168,12
4860,6,562388,6934,18,2074,12
23372,224,3270491678085,61432,664,38060,440
38134,366,5340098512089,100068,1082,61934,716
4852,6,575920,7020,18,2168,12
21840,208,3090080842489,57824,624,35984,416
5828,14,1496549,8238,32,2410,18
4876,6,548874,7044,18,2168,12
33676,332,4470556037537,85032,924,51356,592
4868,6,2370834,7036,18,2168,12
4868,6,570015,7036,18,2168,12
5948,16,1729499,8358,34,2410,18
5836,14,1371891,8246,32,2410,18
4868,6,549910,7036,18,2168,12
5940,16,1511895,8350,34,2410,18
4868,6,866786,7036,18,2168,12
4868,6,998392,7036,18,2168,12
5924,16,1193010,8198,32,2274,16
465402,3390,4621122940440,706984,6774,241582,3384
741364,782,3150056902045,4017425,2287,3276061,1505
4868,6,792725,7036,18,2168,12
4856,6,581899,7024,18,2168,12
1836948,1934,3915167925618,9966866,5664,8129918,3730
4852,6,2018671,7020,18,2168,12
5836,14,1722430,8246,32,2410,18
6052,18,1468291,8462,36,2410,18
4876,6,526659,7044,18,2168,12
32748,314,4590080687836,85896,928,53148,614
5816,14,1372998,8226,32,2410,18
1904,28,399494114787,3808,56,1904,28
5522,8,701681,7708,22,2186,14
4876,6,533273,7044,18,2168,12
24817734,152658,5459266450787,40018108,305316,15200374,152658
6160,10,1267247,8440,24,2280,14
4852,6,545240,7020,18,2168,12
4856,6,974809,7024,18,2168,12
4760,70,1044894901805,9520,140,4760,70
4876,6,528426,7044,18,2168,12
4868,6,536569,7036,18,2168,12
4872,6,863861,7040,18,2168,12
4852,6,591077,7020,18,2168,12
4868,6,816301,7036,18,2168,12
4856,6,526363,7024,18,2168,12
4868,6,813385,7036,18,2168,12
4896,72,1075393070992,9792,144,4896,72
4860,6,780203,7028,18,2168,12
5940,16,2147432,8214,32,2274,16
25262,242,3540064370411,66436,718,41174,476
5940,16,1391851,8214,32,2274,16
4868,6,587997,7036,18,2168,12
4868,6,1020093,7036,18,2168,12
4852,6,521774,7020,18,2168,12
4872,6,967274,7040,18,2168,12
28350,270,4020063386837,75060,810,46710,540
4868,6,1353382,7036,18,2168,12
4856,6,528389,7024,18,2168,12
4876,6,540375,6950,18,2074,12
4868,6,1013562,7036,18,2168,12
56,1,37257,132,2,76,1
23730,226,3360063949247,62828,678,39098,452
5940,16,1499545,8350,34,2410,18
56,1,37907,112,2,56,1
4852,6,538051,7020,18,2168,12
6148,10,1311310,8452,24,2304,14
4856,6,683822,7024,18,2168,12
5518,8,1399191,7686,20,2168,12
4876,6,676254,7044,18,2168,12
4876,6,834350,7044,18,2168,12
4868,6,552654,7036,18,2168,12
4876,6,534530,6950,18,2074,12
36602,350,5160222430005,96460,1042,59858,692
4852,6,545240,7020,18,2168,12
6296,12,509847240,8600,26,2304,14
4876,6,577636,6950,18,2074,12
5924,16,1021490,8334,34,2410,18
5828,14,1365446,8238,32,2410,18
4852,6,1339922,7020,18,2168,12
4868,6,836518,7036,18,2168,12
4852,6,575635,7020,18,2168,12
4860,6,532505,7028,18,2168,12
4868,6,548050,7036,18,2168,12
5932,16,1530998,8206,32,2274,16
5924,16,989091,8198,32,2274,16
1768,26,368481775323,3536,52,1768,26
4872,6,543871,7040,18,2168,12
5836,14,1331908,8246,32,2410,18
4860,6,588787,7028,18,2168,12
4856,6,537149,7024,18,2168,12
4852,6,1211042,7020,18,2168,12
30500,294,4230557462631,79496,860,48996,566
4872,6,866490,7040,18,2168,12
5928,16,1403725,8202,32,2274,16
4852,6,530341,7020,18,2168,12
6160,10,1236658,8464,24,2304,14
4852,6,544917,7020,18,2168,12
6040,18,1501916,8450,36,2410,18
801790,845,3410050779216,4347312,2474,3545522,1629
253042,3546,4837728290377,748300,7096,495258,3550
4860,6,1074252,7028,18,2168,12
4876,6,532324,7044,18,2168,12
4860,6,764493,7028,18,2168,12
6052,18,1659083,8462,36,2410,18
4876,6,1391761,7044,18,2168,12
4860,6,656414,6934,18,2074,12
827524,872,3525185073981,4487546,2554,3660022,1682
6148,20,1232212,8694,40,2546,20
4868,6,581547,7036,18,2168,12
6164,20,1628997,8710,40,2546,20
4860,6,528681,6934,18,2074,12
32884,316,4590048108301,86168,932,53284,616
4872,6,992160,7040,18,2168,12
505654,3654,4983137237395,766076,7302,260422,3648
179660,2518,3435200272431,531564,5040,351904,2522
4872,6,511620803,7040,18,2168,12
4868,6,534532,7036,18,2168,12
34344360,24791,5430384349604,190764556,46634,156420196,21843
4852,6,538550,7020,18,2168,12
4852,6,539880,7020,18,2168,12
5518,8,1238242,7798,22,2280,14
4868,6,547490,7036,18,2168,12
4860,6,1097013,6934,18,2074,12
4856,6,568958,7024,18,2168,12
6160,10,1147700,8464,24,2304,14
6056,18,1689301,8466,36,2410,18
4868,6,545557,7036,18,2168,12
5712,84,1259105520265,11424,168,5712,84
4876,6,1117095,7044,18,2168,12
6160,10,1008535,8464,24,2304,14
4080,60,890759438281,8160,120,4080,60
4860,6,539326,7028,18,2168,12
4852,6,547183,7020,18,2168,12
4868,6,873225,7036,18,2168,12
4860,6,553797,6934,18,2074,12
4852,6,1247110,7020,18,2168,12
39704,388,5370589817807,101440,1100,61736,712
5940,16,1423723,8214,32,2274,16
4852,6,544775,7020,18,2168,12
4868,6,550746,7036,18,2168,12
4872,6,1124245,7040,18,2168,12
4860,6,553125,6934,18,2074,12
5816,14,1371484,8226,32,2410,18
5948,16,3098523,8358,34,2410,18
4876,6,530268,7044,18,2168,12
4852,6,1126566,7020,18,2168,12
5514,8,1261136,7794,22,2280,14
4852,6,535029,7020,18,2168,12
275986,3866,5281594657901,805784,7740,529798,3874
4868,6,562169,7036,18,2168,12
4852,6,541239,7020,18,2168,12
4852,6,1814142,7020,18,2168,12
4856,6,557969,7024,18,2168,12
6036,18,1131449,8446,36,2410,18
5944,16,1391889,8218,32,2274,16
5832,14,1397906,8242,32,2410,18
4852,6,980059,7020,18,2168,12
4868,6,1667210,7036,18,2168,12
6040,18,1618793,8450,36,2410,18
4852,6,520991,7020,18,2168,12
4876,6,552466,7044,18,2168,12
38554,370,5400191424659,101180,1094,62626,724
4852,6,555744,7020,18,2168,12
56,1,393608,168,3,112,2
4868,6,529204,7036,18,2168,12
4876,6,1942495,7044,18,2168,12
4852,6,550989,7020,18,2168,12
30903146,21065,4900575791750,172037173,40657,141134027,19592
4876,6,540486,6950,18,2074,12
4876,6,527781,6950,18,2074,12
4852,6,569345,7020,18,2168,12
1208839,1271,5160077702342,6568764,3731,5359925,2460
30870,294,4380571474349,81732,882,50862,588
4860,6,528986,7028,18,2168,12
4876,6,545249,6950,18,2074,12
5506,8,1185872,7580,20,2074,12
4868,6,1089850,7036,18,2168,12
4856,6,577895,7024,18,2168,12
4860,6,530853,7028,18,2168,12
6152,10,1380172,8456,24,2304,14
30512,292,4290045893978,80336,868,49824,576
4860,6,554836,6934,18,2074,12
4876,6,532404,7044,18,2168,12
4868,6,1189457,7036,18,2168,12
30154,290,4200065263623,78940,854,48786,564
4876,6,863225,6950,18,2074,12
4860,6,2273924,6934,18,2074,12
23162,222,3240096186713,60876,658,37714,436
4856,6,589085,7024,18,2168,12
5928,16,512548326,8202,32,2274,16
24150938,14790,3850560183739,134958926,29877,110807988,15087
4876,6,533036,6950,18,2074,12
4868,6,543545,7036,18,2168,12
5940,16,1546701,8214,32,2274,16
56,1,1416576,168,3,112,2
5820,14,1493015,8094,30,2274,16
5940,16,1528180,8214,32,2274,16
28758,276,4020096256837,75332,814,46574,538
4876,6,529659,7044,18,2168,12
4872,6,535420,7040,18,2168,12
4876,6,508644351,6950,18,2074,12
4872,6,957962,7040,18,2168,12
6152,20,1585167,8698,40,2546,20
4860,6,542591,6934,18,2074,12
4868,6,541686,7036,18,2168,12
4872,6,852253,7040,18,2168,12
4856,6,566564,7024,18,2168,12
25324,244,3510050824594,66152,716,40828,472
4872,6,577886,7040,18,2168,12
4872,6,798536,7040,18,2168,12
4872,6,964409,7040,18,2168,12
6152,10,1409424,8456,24,2304,14
4872,6,529537,7040,18,2168,12
4860,6,561623,6934,18,2074,12
4860,6,543131,7028,18,2168,12
4872,6,1008496,7040,18,2168,12
4856,6,559844,7024,18,2168,12
4868,6,573613,7036,18,2168,12
2176,32,460745109554,4352,64,2176,32
4860,6,870210,7028,18,2168,12
4868,6,1407819,7036,18,2168,12
3944,58,859968402496,7888,116,3944,58
4860,6,668027,6934,18,2074,12
4876,6,527569,6950,18,2074,12
4868,6,533762,7036,18,2168,12
4868,6,539914,7036,18,2168,12
6060,18,1625441,8470,36,2410,18
4860,6,540757,7028,18,2168,12
6060,18,1607648,8470,36,2410,18
34650,330,4920572637820,91740,990,57090,660
4872,6,710657,7040,18,2168,12
4852,6,520787959,7020,18,2168,12
4868,6,830134,7036,18,2168,12
4852,6,539090,7020,18,2168,12
6164,10,1388975,8468,24,2304,14
30154,290,4200096143364,78940,854,48786,564
4856,6,543675,7024,18,2168,12
38134,366,5340098119714,100068,1082,61934,716
6152,10,1344948,8456,24,2304,14
4852,6,575920,7020,18,2168,12
4872,6,967196,7040,18,2168,12
4868,6,553875,7036,18,2168,12
4868,6,541591,7036,18,2168,12
5502,8,1046792,7670,20,2168,12
5820,14,1516745,8230,32,2410,18
5924,16,1078336,8334,34,2410,18
5940,16,1518553,8214,32,2274,16
4868,6,933762,7036,18,2168,12
4868,6,924947,7036,18,2168,12
4860,6,865607,7028,18,2168,12
4856,6,594525,7024,18,2168,12
6052,18,1723153,8462,36,2410,18
4856,6,990472,7024,18,2168,12
4856,6,844288,7024,18,2168,12
92,1,31541,184,2,92,1
5940,16,1327483,8214,32,2274,16
5928,16,1495578,8202,32,2274,16
4868,6,547884,7036,18,2168,12
4216,62,921791842441,8432,124,4216,62
4868,6,529206,7036,18,2168,12
5836,14,1377589,8246,32,2410,18
4868,6,562273,7036,18,2168,12
4852,6,573842,7020,18,2168,12
6172,20,1805910,8718,40,2546,20
5522,8,508886205,7802,22,2280,14
6148,10,1478076,8316,22,2168,12
37072,358,5130587518077,96448,1044,59376,686
5932,16,1528796,8206,32,2274,16
4860,6,539924,7028,18,2168,12
5928,16,1363208,8202,32,2274,16
4876,6,560828,7044,18,2168,12
4852,6,580464,7020,18,2168,12
2448,36,522302707726,4896,72,2448,36
4876,6,541890,7044,18,2168,12
4856,6,1242390,7024,18,2168,12
4852,6,573426,7020,18,2168,12
4876,6,552193,7044,18,2168,12
92,1,31321,184,2,92,1
4868,6,1839569,7036,18,2168,12
22470,214,3180096334696,59492,642,37022,428
5924,16,996404,8198,32,2274,16
30154,290,4200096143364,78940,854,48786,564
5304,78,1167456892365,10608,156,5304,78
40062,390,5460607067762,103380,1122,63318,732
32860,320,4470589152149,84760,920,51900,600
6152,10,1397281,8456,24,2304,14
4876,6,554276,7044,18,2168,12
5836,14,1436661,8246,32,2410,18
223014,3124,4267225899165,651382,6256,428368,3132
4856,6,546701,7024,18,2168,12
5518,8,1101909,7798,22,2280,14
4860,6,817173,7028,18,2168,12
4860,6,893016,7028,18,2168,12
4868,6,1001617,7036,18,2168,12
4876,6,535531,7044,18,2168,12
33032,316,4650078428432,87008,940,53976,624
5940,16,1526094,8214,32,2274,16
4876,6,544842,6950,18,2074,12
4868,6,1015848,7036,18,2168,12
4868,6,543322,7036,18,2168,12
4856,6,551121,7024,18,2168,12
4876,6,591306,7044,18,2168,12
4868,6,1053785,7036,18,2168,12
4876,6,542409,6950,18,2074,12
2176,32,460513778955,4352,64,2176,32
4856,6,562374,7024,18,2168,12
4868,6,538993,7036,18,2168,12
6168,20,1611731,8714,40,2546,20
24724362,152086,5438592261909,39867776,304172,15143414,152086
4876,6,538118,7044,18,2168,12
319886,2312,3150051149218,484538,4618,164652,2306
6160,10,1472480,8464,24,2304,14
4872,6,529537,7040,18,2168,12
5832,14,1706240,8242,32,2410,18
4872,6,873857,7040,18,2168,12
4868,6,509276237,7036,18,2168,12
5836,14,1841670,8246,32,2410,18
4876,6,550450,7044,18,2168,12
322932,2334,3180290318026,489154,4662,166222,2328
30450,290,4320571603339,80620,870,50170,580
4852,6,525890513,7020,18,2168,12
4868,6,1489780,7036,18,2168,12
188128,2636,3605699625860,554668,5284,366540,2648
4868,6,522931,7036,18,2168,12
4860,6,553404,7028,18,2168,12
5514,8,1218098,7682,20,2168,12
4868,6,844223,7036,18,2168,12
4868,6,809482,7036,18,2168,12
4856,6,835377,7024,18,2168,12
4856,6,1091757,7024,18,2168,12
4868,6,581020,7036,18,2168,12
4868,6,906211,7036,18,2168,12
4872,6,880745,7040,18,2168,12
4856,6,549721,7024,18,2168,12
4856,6,853948,7024,18,2168,12
4856,6,814995,7024,18,2168,12
4876,6,569675,7044,18,2168,12
4856,6,1103699,7024,18,2168,12
4868,6,861154,7036,18,2168,12
4876,6,668045,6950,18,2074,12
6164,20,1776882,8710,40,2546,20
4876,6,534800,7044,18,2168,12
5506,8,1431071,7674,20,2168,12
4860,6,868707,7028,18,2168,12
5816,14,1333801,8226,32,2410,18
33910,330,4620604715326,87540,950,53630,620
4868,6,570930,7036,18,2168,12
499562,3610,4923137028526,756844,7214,257282,3604
5514,8,1154771,7682,20,2168,12
5506,8,1113662,7674,20,2168,12
310750,2246,3060066224833,470692,4486,159942,2240
4860,6,550583,7028,18,2168,12
4856,6,885818,7024,18,2168,12
4856,6,551920,7024,18,2168,12
4852,6,534941,7020,18,2168,12
4868,6,1188552,7036,18,2168,12
4868,6,551681,7036,18,2168,12
92,1,32772,184,2,92,1
4868,6,590371,7036,18,2168,12
5928,16,1327948,8202,32,2274,16
4860,6,5568824,7028,18,2168,12
4876,6,532740,7044,18,2168,12
5820,14,1617689,8230,32,2410,18
5940,16,1445535,8214,32,2274,16
5924,16,1293087,8198,32,2274,16
4860,6,1075363,6934,18,2074,12
6152,10,1345779,8456,24,2304,14
4868,6,839528,7036,18,2168,12
5506,8,1136457,7786,22,2280,14
4852,6,533352,7020,18,2168,12
4860,6,1735268,7028,18,2168,12
92,1,30165,184,2,92,1
4868,6,901612,7036,18,2168,12
4876,6,578140,7044,18,2168,12
4852,6,702522,7020,18,2168,12
4868,6,276074805,7036,18,2168,12
4868,6,2370834,7036,18,2168,12
5506,8,931209,7674,20,2168,12
4868,6,537317,7036,18,2168,12
4868,6,953914,7036,18,2168,12
4852,6,583694,7020,18,2168,12
4872,6,584844,7040,18,2168,12
28140,268,3990080283539,74504,804,46364,536
4852,6,569530,7020,18,2168,12
2448,36,521826250272,4896,72,2448,36
4856,6,551531,7024,18,2168,12
4876,6,567572,7044,18,2168,12
5944,16,1509988,8218,32,2274,16
37456,368,5010555814561,95040,1032,57584,664
4868,6,808918,7036,18,2168,12
4860,6,852462,7028,18,2168,12
4872,6,1107589,7040,18,2168,12
4868,6,594044,7036,18,2168,12
4860,6,935852,7028,18,2168,12
4868,6,830134,7036,18,2168,12
4852,6,655445,7020,18,2168,12
4868,6,553116,7036,18,2168,12
6152,10,1418120,8456,24,2304,14
4852,6,531674,7020,18,2168,12
4868,6,551745,7036,18,2168,12
4868,6,537468,7036,18,2168,12
255230,3576,4882112496024,754602,7156,499372,3580
5932,16,1530998,8206,32,2274,16
34910,336,4860571507752,91172,986,56262,650
4856,6,549523,7024,18,2168,12
5928,16,1459543,8338,34,2410,18
4872,6,1322560,7040,18,2168,12
5932,16,1362380,8206,32,2274,16
4868,6,750285,7036,18,2168,12
3808,56,829472707961,7616,112,3808,56
4876,6,533316,7044,18,2168,12
4868,6,552498,7036,18,2168,12
92,1,30423,184,2,92,1
32130,306,4560031749652,85068,918,52938,612
4876,6,546247,7044,18,2168,12
4876,6,551076,6950,18,2074,12
4860,6,568816,6934,18,2074,12
333178,2408,3280577244439,504654,4810,171476,2402
4856,6,849996,7024,18,2168,12
4872,6,858662,7040,18,2168,12
5924,16,1618780,8198,32,2274,16
26102,250,3660097220290,68660,742,42558,492
2004110,2108,4275167621981,10879756,6180,8875646,4072
4856,6,632117,7024,18,2168,12
4868,6,821275,7036,18,2168,12
4856,6,829284,7024,18,2168,12
4868,6,555737,7036,18,2168,12
4852,6,529930,7020,18,2168,12
6160,10,512126117,8464,24,2304,14
4876,6,533680,6950,18,2074,12
4868,6,844551,7036,18,2168,12
4856,6,564121,7024,18,2168,12
4860,6,511025497,6934,18,2074,12
27930,266,3960571564571,73948,798,46018,532
4868,6,547154,7036,18,2168,12
31982,306,4500063771309,84228,910,52246,604
4856,6,979569,7024,18,2168,12
6164,20,1583623,8710,40,2546,20
6164,10,1433502,8468,24,2304,14
4872,6,855033,7040,18,2168,12
4876,6,548625,6950,18,2074,12
4872,6,511443265,7040,18,2168,12
5502,8,1054322,7670,20,2168,12
5836,14,2063884,8246,32,2410,18
5836,14,512344874,8246,32,2410,18
680,10,122850590360,1360,20,680,10
4860,6,860884,7028,18,2168,12
4860,6,527943,6934,18,2074,12
4852,6,509563727,7020,18,2168,12
4860,6,726441,7028,18,2168,12
4876,6,566970,7044,18,2168,12
4872,6,823214,7040,18,2168,12
4872,6,569234,7040,18,2168,12
4876,6,551198,7044,18,2168,12
4876,6,546247,7044,18,2168,12
6060,18,1645255,8470,36,2410,18
5928,16,1516943,8202,32,2274,16
5924,16,1193983,8198,32,2274,16
4868,6,809949,7036,18,2168,12
4860,6,528007,7028,18,2168,12
36540,348,5190430123702,96744,1044,60204,696
4876,6,530877,6950,18,2074,12
4872,6,801371,7040,18,2168,12
4852,6,535974,7020,18,2168,12
5924,16,1300986,8198,32,2274,16
5940,16,2073339,8214,32,2274,16
4868,6,814658,7036,18,2168,12
5836,14,1369794,8246,32,2410,18
6300,12,1627118,8604,26,2304,14
4868,6,545067,7036,18,2168,12
4852,6,532864,7020,18,2168,12
6052,18,1624688,8462,36,2410,18
30920,298,4290559476631,80608,872,49688,574
4868,6,570044,7036,18,2168,12
4860,6,865850,7028,18,2168,12
4852,6,569530,7020,18,2168,12
4868,6,526585,7036,18,2168,12
4856,6,814866,7024,18,2168,12
2077892,2186,4430057155878,11283144,6410,9205252,4224
37170,354,5280096400404,98412,1062,61242,708
31352,300,4410046508373,82560,892,51208,592
4860,6,547174,6934,18,2074,12
4868,6,543072,7036,18,2168,12
4872,6,862124,7040,18,2168,12
4872,6,573528,7040,18,2168,12
4868,6,569919,7036,18,2168,12
1687098,1776,3590054421870,9150928,5204,7463830,3428
4872,6,560953,7040,18,2168,12
5924,16,1035333,8198,32,2274,16
6164,20,1632918,8710,40,2546,20
474022,3412,4651104687356,717174,6818,243152,3406
4868,6,1060282,7036,18,2168,12
5506,8,696521,7786,22,2280,14
4852,6,836197,7020,18,2168,12
4868,6,565302,7036,18,2168,12
4860,6,509203963,6934,18,2074,12
4860,6,553935,6934,18,2074,12
4872,6,957962,7040,18,2168,12
5940,16,1794558,8214,32,2274,16
4856,6,543031,7024,18,2168,12
5944,16,1541140,8218,32,2274,16
22952,220,3210491725279,60320,652,37368,432
4876,6,601524,7044,18,2168,12
4868,6,827085,7036,18,2168,12
4860,6,550190,6934,18,2074,12
4856,6,564153,7024,18,2168,12
4868,6,1316387,7036,18,2168,12
4872,6,1451290,7040,18,2168,12
31290,298,4440096119801,82844,894,51554,596
4868,6,1120016,7036,18,2168,12
4876,6,573064,6950,18,2074,12
5924,16,989091,8198,32,2274,16
4860,6,865108,7028,18,2168,12
4852,6,625977,7020,18,2168,12
4876,6,546841,6950,18,2074,12
4860,6,1012679,7028,18,2168,12
92,1,33611,184,2,92,1
25892,248,3630080789754,68104,736,42212,488
4876,6,542477,7044,18,2168,12
5944,16,1466001,8218,32,2274,16
4852,6,534278,7020,18,2168,12
4868,6,623449,7036,18,2168,12
3264,48,706528261497,6528,96,3264,48
4876,6,526305,7044,18,2168,12
5940,16,1362235,8214,32,2274,16
816,12,153695703682,1632,24,816,12
4876,6,1080346,6950,18,2074,12
4876,6,754791,6950,18,2074,12
5828,14,502749103,8238,32,2410,18
4860,6,537175,7028,18,2168,12
4852,6,544729,7020,18,2168,12
4876,6,541985,7044,18,2168,12
27152,260,3810080694107,71440,772,44288,512
4868,6,875993,7036,18,2168,12
5924,16,3111560,8198,32,2274,16
4856,6,594899,7024,18,2168,12
4852,6,568742,7020,18,2168,12
4860,6,1154655,7028,18,2168,12
4860,6,541400,7028,18,2168,12
4868,6,754480,7036,18,2168,12
5502,8,1062153,7670,20,2168,12
4860,6,554257,6934,18,2074,12
26794,258,3720096166080,70044,758,43250,500
518754,3778,5152095317025,787978,7550,269224,3772
4856,6,838424,7024,18,2168,12
4852,6,537744,7020,18,2168,12
4876,6,1154381,7044,18,2168,12
4856,6,543412,7024,18,2168,12
6156,20,1749693,8702,40,2546,20
4860,6,540294,6934,18,2074,12
4860,6,538482,7028,18,2168,12
4860,6,614825,6934,18,2074,12
4868,6,551976,7036,18,2168,12
4876,6,554410,6950,18,2074,12
15681640,96460,3449279898814,25286300,192920,9604660,96460
4868,6,557460,7036,18,2168,12
4860,6,532947,6934,18,2074,12
4876,6,532404,7044,18,2168,12
21692,208,3030047822332,56984,616,35292,408
4876,6,534543,7044,18,2168,12
4852,6,554934,7020,18,2168,12
33934,326,4740063650877,88948,962,55014,636
5836,14,516404313,8246,32,2410,18
4860,6,534928,6934,18,2074,12
4876,6,531438,6950,18,2074,12
5828,14,1438853,8238,32,2410,18
4868,6,917739,7036,18,2168,12
4876,6,540598,7044,18,2168,12
838844,883,3570085696047,4549887,2587,3711043,1704
4868,6,1375460,7036,18,2168,12
4860,6,572411,7028,18,2168,12
35280,336,5010080140432,93408,1008,58128,672
4868,6,1056563,7036,18,2168,12
5956,16,1357815,8124,32,2168,16
4852,6,989770,7020,18,2168,12
4868,6,568428,7036,18,2168,12
4872,6,955235,7040,18,2168,12
4856,6,582777,7024,18,2168,12
5948,16,1439241,8358,34,2410,18
4852,6,572202,7020,18,2168,12
4868,6,799654,7036,18,2168,12
4856,6,871495,7024,18,2168,12
4872,6,546466,7040,18,2168,12
4856,6,888614,7024,18,2168,12
4876,6,806632,6950,18,2074,12
4860,6,526202,7028,18,2168,12
4876,6,509834600,7044,18,2168,12
29870,288,4140572843894,77828,842,47958,554
4876,6,530647,6950,18,2074,12
5816,14,1325628,8226,32,2410,18
5932,16,1436627,8206,32,2274,16
5924,16,1224376,8198,32,2274,16
5506,8,1233567,7674,20,2168,12
4856,6,589888,7024,18,2168,12
4868,6,553709,7036,18,2168,12
4860,6,1125026,7028,18,2168,12
4872,6,862019,7040,18,2168,12
4872,6,1033281,7040,18,2168,12
4872,6,1024329,7040,18,2168,12
5518,8,1213631,7686,20,2168,12
6164,20,1658493,8710,40,2546,20
4852,6,761632,7020,18,2168,12
4868,6,529171,7036,18,2168,12
4876,6,789239,7044,18,2168,12
4876,6,638046,7044,18,2168,12
4868,6,551122,7036,18,2168,12
4856,6,541196,7024,18,2168,12
5928,16,1363139,8202,32,2274,16
4856,6,610477,7024,18,2168,12
4860,6,871607,7028,18,2168,12
4856,6,812538,7024,18,2168,12
5940,16,1489597,8214,32,2274,16
4868,6,792198,7036,18,2168,12
25868,252,3510557829966,66424,720,40556,468
52938,612,4560032663677,85884,930,32946,318
4856,6,803807,7024,18,2168,12
4856,6,537055,7024,18,2168,12
4852,6,535117,7020,18,2168,12
4872,6,511976788,7040,18,2168,12
37504,360,5250079650351,98400,1064,60896,704
30512,292,4290080144555,80336,868,49824,576
4872,6,3619894,7040,18,2168,12
56,1,34314,112,2,56,1
5828,14,509965934,8238,32,2410,18
44634,516,3840067196019,72540,786,27906,270
4852,6,540985,7020,18,2168,12
33390,318,4740192043441,88404,954,55014,636
4872,6,670196,7040,18,2168,12
3536,52,767937243177,7072,104,3536,52
4860,6,534446,7028,18,2168,12
6152,10,1344948,8456,24,2304,14
6036,18,1187083,8582,38,2546,20
5940,16,1359508,8214,32,2274,16
4860,6,549779,7028,18,2168,12
4852,6,536642,7020,18,2168,12
4868,6,557050,7036,18,2168,12
219528,3076,4196735969008,649210,6156,429682,3080
4868,6,941545,7036,18,2168,12
4856,6,977151,7024,18,2168,12
4872,6,1004955,7040,18,2168,12
5506,8,986507,7674,20,2168,12
4868,6,848416,7036,18,2168,12
4856,6,576769,7024,18,2168,12
38962,376,5400188850166,101452,1098,62490,722
4872,6,1126881,7040,18,2168,12
4876,6,554679,7044,18,2168,12
4868,6,527922,7036,18,2168,12
4860,6,1207872,7028,18,2168,12
4852,6,565102,7020,18,2168,12
4852,6,656104,7020,18,2168,12
680,10,122816090146,1360,20,680,10
4868,6,581666,7036,18,2168,12
4876,6,539312,6950,18,2074,12
4868,6,510221434,7036,18,2168,12
4860,6,1246356,7028,18,2168,12
4872,6,1065675,7040,18,2168,12
5944,16,1516314,8218,32,2274,16
4856,6,803300,7024,18,2168,12
4856,6,2255041,7024,18,2168,12
4872,6,854251,7040,18,2168,12
5816,14,1387527,8226,32,2410,18
5940,16,1362235,8214,32,2274,16
5924,16,1119880,8198,32,2274,16
4852,6,540585,7020,18,2168,12
4876,6,583941,6950,18,2074,12
4868,6,558708,7036,18,2168,12
4868,6,861187,7036,18,2168,12
31982,306,4500063718392,84228,910,52246,604
37442,358,5280096932246,98684,1066,61242,708
4868,6,661416,7036,18,2168,12
4860,6,995515,7028,18,2168,12
4868,6,760298,7036,18,2168,12
5928,16,1516943,8202,32,2274,16
4872,6,536938,7040,18,2168,12
56,1,196833,168,3,112,2
4868,6,801177,7036,18,2168,12
4852,6,545279,7020,18,2168,12
33032,316,4650078428432,87008,940,53976,624
4852,6,1788772,7020,18,2168,12
5940,16,506545320,8214,32,2274,16
56,1,277259026,168,3,112,2
4868,6,544071,7036,18,2168,12
4868,6,544140,7036,18,2168,12
4868,6,812431,7036,18,2168,12
533064,3852,5253665717492,807616,7698,274552,3846
4624,68,1013474215512,9248,136,4624,68
4352,64,952320146325,8704,128,4352,64
23768,232,3210589088976,61136,664,37368,432
4868,6,561961,7036,18,2168,12
4856,6,511587700,7024,18,2168,12
6040,18,1541183,8450,36,2410,18
5440,80,1198463332583,10880,160,5440,80
4856,6,558026,7024,18,2168,12
6044,18,1989462,8454,36,2410,18
4852,6,566638,7020,18,2168,12
4868,6,804308,7036,18,2168,12
5518,8,1217169,7686,20,2168,12
5932,16,1385250,8206,32,2274,16
4856,6,586047,7024,18,2168,12
4868,6,534999,7036,18,2168,12
4876,6,572397,7044,18,2168,12
4876,6,538194,6950,18,2074,12
60896,704,5250590121931,99216,1076,38320,372
4852,6,606397,7020,18,2168,12
4860,6,536536,7028,18,2168,12
4860,6,527010,7028,18,2168,12
4860,6,533941,6934,18,2074,12
4852,6,510322493,7020,18,2168,12
4876,6,546942,6950,18,2074,12
4876,6,555998,7044,18,2168,12
4860,6,547470,7028,18,2168,12
4856,6,901024,7024,18,2168,12
6296,12,805861,8600,26,2304,14
227724,3190,4357242684999,665120,6388,437396,3198
6056,18,3276635,8466,36,2410,18
4876,6,529659,7044,18,2168,12
5928,16,1517268,8202,32,2274,16
4860,6,575929,6934,18,2074,12
5832,14,1521755,8242,32,2410,18
182738,2560,3495674389810,533962,5128,351224,2568
4876,6,559822,7044,18,2168,12
6156,20,1749693,8702,40,2546,20
4868,6,832900,7036,18,2168,12
6044,18,1499952,8454,36,2410,18
36120,344,5130080152934,95632,1032,59512,688
4868,6,1098259,7036,18,2168,12
4852,6,962634,7020,18,2168,12
4856,6,546680,7024,18,2168,12
23792,228,3330080693477,62544,676,38752,448
5928,16,1616660,8338,34,2410,18
4856,6,527967,7024,18,2168,12
4860,6,590048,7028,18,2168,12
5944,16,1418231,8354,34,2410,18
4872,6,541186,7040,18,2168,12
56,1,36119,112,2,56,1
5832,14,1394172,8242,32,2410,18
4860,6,545851,6934,18,2074,12
30722,294,4320096213520,80892,874,50170,580
4852,6,554071,7020,18,2168,12
6036,18,1088934,8446,36,2410,18
92,1,29292,184,2,92,1
32822,314,4620095461268,86452,934,53630,620
4868,6,548885,7036,18,2168,12
4868,6,553643,7036,18,2168,12
4876,6,551290,6950,18,2074,12
4860,6,865612,7028,18,2168,12
4876,6,545124,7044,18,2168,12
6044,18,1845845,8454,36,2410,18
35552,340,5010048671988,93680,1012,58128,672
233040,3266,4456739951067,689302,6536,456262,3270
34020,324,4830084431116,90072,972,56052,648
4872,6,556588,7040,18,2168,12
4856,6,583623,7024,18,2168,12
35404,340,4950081368917,92840,1004,57436,664
4852,6,543564,7020,18,2168,12
408,6,61311854192,816,12,408,6
32550,310,4620096485938,86180,930,53630,620
4872,6,1010643,7040,18,2168,12
4852,6,557554,7020,18,2168,12
4868,6,808934,7036,18,2168,12
4852,6,554428,7020,18,2168,12
4856,6,857840,7024,18,2168,12
4852,6,564572,7020,18,2168,12
5928,16,1341105,8202,32,2274,16
4852,6,529930,7020,18,2168,12
4860,6,780203,7028,18,2168,12
4852,6,541658,7020,18,2168,12
5944,16,1422175,8218,32,2274,16
5518,8,1029518,7686,20,2168,12
4876,6,551515,7044,18,2168,12
4852,6,792719,7020,18,2168,12
4860,6,534793,6934,18,2074,12
4852,6,532966,7020,18,2168,12
4868,6,1098259,7036,18,2168,12
4868,6,566094,7036,18,2168,12
4876,6,560186,7044,18,2168,12
4852,6,1093400,7020,18,2168,12
4872,6,1124245,7040,18,2168,12
4852,6,574009,7020,18,2168,12
5820,14,1338106,8230,32,2410,18
4872,6,816299,7040,18,2168,12
4876,6,736076,7044,18,2168,12
5940,16,1465913,8214,32,2274,16
4852,6,559165,7020,18,2168,12
28894,278,4020097023848,75604,818,46710,540
4876,6,736076,7044,18,2168,12
4872,6,716867,7040,18,2168,12
4868,6,1159891,7036,18,2168,12
4868,6,545580,7036,18,2168,12
4856,6,776998,7024,18,2168,12
4856,6,564888,7024,18,2168,12
4856,6,797815,7024,18,2168,12
4852,6,586010,7020,18,2168,12
4876,6,539413,7044,18,2168,12
408,6,61409448123,816,12,408,6
4868,6,553511,7036,18,2168,12
4868,6,544487,7036,18,2168,12
4856,6,919243,7024,18,2168,12
5940,16,1509656,8214,32,2274,16
5836,14,1395729,8246,32,2410,18
4852,6,527641,7020,18,2168,12
4852,6,540276,7020,18,2168,12
4868,6,591705,7036,18,2168,12
6052,18,2274637,8462,36,2410,18
5932,16,1389101,8206,32,2274,16
4876,6,534231,7044,18,2168,12
4868,6,850673,7036,18,2168,12
6164,20,1651778,8710,40,2546,20
4868,6,551958,7036,18,2168,12
4872,6,852253,7040,18,2168,12
4868,6,851598,7036,18,2168,12
4856,6,1022690,7024,18,2168,12
4868,6,555257,7036,18,2168,12
4876,6,543063,6950,18,2074,12
4852,6,584101,7020,18,2168,12
4852,6,557394,7020,18,2168,12
5944,16,1456779,8354,34,2410,18
6152,10,1351268,8456,24,2304,14
4868,6,1202488,7036,18,2168,12
4868,6,755614,7036,18,2168,12
4872,6,713537,7040,18,2168,12
4852,6,535784,7020,18,2168,12
4852,6,527497,7020,18,2168,12
92,1,91063,184,2,92,1
4856,6,554438,7024,18,2168,12
29757745,20043,4720575514667,165731322,38876,135973577,18833
4876,6,544206,7044,18,2168,12
4872,6,563716,7040,18,2168,12
5924,16,1016839,8198,32,2274,16
4868,6,534496,7036,18,2168,12
5828,14,1363346,8238,32,2410,18
6148,10,1278366,8452,24,2304,14
56,1,37257,132,2,76,1
4860,6,545538,6934,18,2074,12
4852,6,1134847,7020,18,2168,12
5576,82,1228958013515,11152,164,5576,82
25472,244,3570080151996,66992,724,41520,480
4876,6,981898,6950,18,2074,12
4872,6,872134,7040,18,2168,12
4876,6,1055749,6950,18,2074,12
4868,6,796444,7036,18,2168,12
4868,6,817274,7036,18,2168,12
4852,6,544501,7020,18,2168,12
4876,6,561770,6950,18,2074,12
4868,6,1014935,7036,18,2168,12
4760,70,1044352374445,9520,140,4760,70
4868,6,581666,7036,18,2168,12
92,1,52202,184,2,92,1
6052,18,1596321,8462,36,2410,18
6148,10,1519867,8452,24,2304,14
4876,6,543459,7044,18,2168,12
5820,14,500864994,8230,32,2410,18
4856,6,862153,7024,18,2168,12
4856,6,622094,7024,18,2168,12
4852,6,1995893,7020,18,2168,12
4876,6,537869,6950,18,2074,12
4876,6,571251,7044,18,2168,12
4852,6,531603,7020,18,2168,12
4856,6,874065,7024,18,2168,12
4868,6,555022,7036,18,2168,12
4868,6,799654,7036,18,2168,12
6060,18,1875238,8470,36,2410,18
4868,6,591788,7036,18,2168,12
4868,6,886557,7036,18,2168,12
1004183,1056,4280044486940,5451785,3096,4447602,2040
446748,3228,4402115367276,676722,6450,229974,3222
4868,6,545258,7036,18,2168,12
4876,6,533565,6950,18,2074,12
36134,354,4860573912342,91988,998,55854,644
4852,6,539326,7020,18,2168,12
4876,6,532342,7044,18,2168,12
5932,16,1375802,8206,32,2274,16
4852,6,781910,7020,18,2168,12
4860,6,1002085,7028,18,2168,12
4856,6,554663,7024,18,2168,12
4868,6,569033,7036,18,2168,12
4868,6,538268,7036,18,2168,12
4856,6,989831,7024,18,2168,12
4852,6,594080,7020,18,2168,12
4860,6,562610,7028,18,2168,12
56,1,2427956,168,3,112,2
4852,6,1182058,7020,18,2168,12
5928,16,1461004,8202,32,2274,16
5932,16,1343592,8206,32,2274,16
21556,206,3030049693597,56848,614,35292,408
4868,6,861126,7036,18,2168,12
4852,6,539941,7020,18,2168,12
6052,18,1479900,8462,36,2410,18
4868,6,921093,7036,18,2168,12
4856,6,1022690,7024,18,2168,12
4868,6,804601,7036,18,2168,12
4872,6,1145499,7040,18,2168,12
4872,6,548928,7040,18,2168,12
4876,6,554634,6950,18,2074,12
4852,6,570749,7020,18,2168,12
4868,6,580706,7036,18,2168,12
4876,6,552428,6950,18,2074,12
4860,6,894579,7028,18,2168,12
4876,6,532854,7044,18,2168,12
4856,6,1277129,7024,18,2168,12
4868,6,998392,7036,18,2168,12
238368,3340,4567201638150,702362,6692,463994,3352
5518,8,1065970,7686,20,2168,12
5506,8,1448419,7674,20,2168,12
4852,6,548700,7020,18,2168,12
38220,364,5430082327989,101192,1092,62972,728
4352,64,952320097038,8704,128,4352,64
4852,6,573426,7020,18,2168,12
4856,6,511261465,7024,18,2168,12
5928,16,1360193,8202,32,2274,16
4868,6,818479,7036,18,2168,12
34218,328,4800104466712,89788,970,55570,642
6060,18,1570529,8470,36,2410,18
4872,6,524098,7040,18,2168,12
4868,6,605272,7036,18,2168,12
4876,6,668202,6950,18,2074,12
4352,64,952289363096,8704,128,4352,64
4856,6,554877,7024,18,2168,12
6160,10,1277010,8464,24,2304,14
5932,16,1345003,8206,32,2274,16
28858,284,3840571275067,73084,794,44226,510
5948,16,1836285,8222,32,2274,16
4872,6,571990,7040,18,2168,12
4860,6,527241,6934,18,2074,12
36516,352,5070080479164,95336,1032,58820,680
4872,6,867246,7040,18,2168,12
4860,6,864678,7028,18,2168,12
4868,6,808074,7036,18,2168,12
6056,18,1490489,8466,36,2410,18
6044,18,2039061,8454,36,2410,18
4860,6,504581846,6934,18,2074,12
23590914,145114,5189282710177,38040116,290228,14449202,145114
5506,8,1194742,7674,20,2168,12
5502,8,1263251,7670,20,2168,12
4860,6,894460,7028,18,2168,12
4856,6,548160,7024,18,2168,12
30030,286,4260068554500,79508,858,49478,572
5820,14,1608847,8230,32,2410,18
4872,6,863861,7040,18,2168,12
3536,52,767937370865,7072,104,3536,52
4876,6,537573,7044,18,2168,12
5506,8,672788,7692,22,2186,14
4876,6,530839,7044,18,2168,12
5932,16,1349692,8206,32,2274,16
4876,6,553273,7044,18,2168,12
4852,6,536041,7020,18,2168,12
24484,236,3390080173804,63928,692,39444,456
4868,6,644996,7036,18,2168,12
5940,16,505676304,8214,32,2274,16
4868,6,845455,7036,18,2168,12
4080,60,890771692344,8160,120,4080,60
4876,6,528421,6950,18,2074,12
496538,3574,4871580801152,751224,7142,254686,3568
4868,6,547834,7036,18,2168,12
23310,222,3300096100628,61716,666,38406,444
4868,6,804601,7036,18,2168,12
4860,6,531330,7028,18,2168,12
4852,6,568339,7020,18,2168,12
4860,6,549122,6934,18,2074,12
6152,10,1203308,8456,24,2304,14
4876,6,547148,6950,18,2074,12
32340,308,4590555494774,85624,924,53284,616
2992,44,645375581406,5984,88,2992,44
1224,18,245377999309,2448,36,1224,18
6152,10,1362134,8456,24,2304,14
5820,14,1471004,8230,32,2410,18
4868,6,577140,7036,18,2168,12
5816,14,1892712,8226,32,2410,18
6052,18,1643321,8462,36,2410,18
4868,6,789994,7036,18,2168,12
4872,6,525819,7040,18,2168,12
28474,274,3960064757861,74492,806,46018,532
6148,20,1486457,8694,40,2546,20
4876,6,531750,7044,18,2168,12
4860,6,538299,6934,18,2074,12
5514,8,1075694,7682,20,2168,12
6052,18,1602392,8462,36,2410,18
34280,330,4770556173170,89504,968,55224,638
4876,6,542300,7044,18,2168,12
4876,6,558792,7044,18,2168,12
4856,6,1002978,7024,18,2168,12
4852,6,544691,7020,18,2168,12
6040,18,2178021,8450,36,2410,18
4868,6,510069324,7036,18,2168,12
1224,18,245919386327,2448,36,1224,18
4868,6,854360,7036,18,2168,12
4868,6,882605,7036,18,2168,12
4852,6,2139888,7020,18,2168,12
4856,6,539159,7024,18,2168,12
277074,3882,5308514672830,816096,7776,539022,3894
4860,6,531545,6934,18,2074,12
4876,6,555561,7044,18,2168,12
5940,16,1522762,8214,32,2274,16
4868,6,986967,7036,18,2168,12
4872,6,794241,7040,18,2168,12
4856,6,548838,7024,18,2168,12
4856,6,824482,7024,18,2168,12
4852,6,1371472,7020,18,2168,12
3264,48,706944014668,6528,96,3264,48
4856,6,533029,7024,18,2168,12
4872,6,803490,7040,18,2168,12
5940,16,1488506,8214,32,2274,16
4868,6,822612,7036,18,2168,12
5836,14,1482197,8246,32,2410,18
39444,456,3390047872215,64200,696,24756,240
92,1,36673,184,2,92,1
4868,6,538316,7036,18,2168,12
5924,16,1009181,8198,32,2274,16
4856,6,806996,7024,18,2168,12
4852,6,579775,7020,18,2168,12
4868,6,546488,7036,18,2168,12
4856,6,524375,7024,18,2168,12
4852,6,1200288,7020,18,2168,12
4868,6,565567,7036,18,2168,12
5928,16,1389032,8202,32,2274,16
25572,252,3390047566326,64472,700,38900,448
5832,14,1612123,8242,32,2410,18
5832,14,1337158,8242,32,2410,18
27004,260,3750080760694,70600,764,43596,504
4876,6,536448,7044,18,2168,12
4876,6,532692,7044,18,2168,12
4852,6,580940,7020,18,2168,12
4868,6,998696,7036,18,2168,12
4872,6,1040439,7040,18,2168,12
27510,262,3900096216718,72836,786,45326,524
6060,18,1843226,8470,36,2410,18
4876,6,562301,7044,18,2168,12
4852,6,575927,7020,18,2168,12
4868,6,540716,7036,18,2168,12
5944,16,1389146,8218,32,2274,16
5502,8,1232508,7670,20,2168,12
4876,6,1102323,7044,18,2168,12
4856,6,833786,7024,18,2168,12
4872,6,989471,7040,18,2168,12
4856,6,989831,7024,18,2168,12
24522,242,3240065046529,61692,670,37170,428
4856,6,529901,7024,18,2168,12
172428,2416,3295199697644,510030,4836,337602,2420
30130,294,4080605286957,77532,842,47402,548
4856,6,542601,7024,18,2168,12
5944,16,1522811,8218,32,2274,16
5812,14,1321381,8222,32,2410,18
4860,6,894510,7028,18,2168,12
5940,16,1498338,8214,32,2274,16
6172,20,1797517,8718,40,2546,20
4860,6,935852,7028,18,2168,12
5820,14,1408962,8230,32,2410,18
4856,6,790979,7024,18,2168,12
264514,3706,5068021587107,779172,7424,514658,3718
408,6,61314852580,816,12,408,6
5498,8,671281,7778,22,2280,14
266084,3728,5098011174711,783788,7468,517704,3740
4852,6,550115,7020,18,2168,12
4868,6,593119,7036,18,2168,12
4868,6,573613,7036,18,2168,12
4872,6,821745,7040,18,2168,12
4860,6,819934,7028,18,2168,12
4868,6,511160446,7036,18,2168,12
4876,6,585610,6950,18,2074,12
4872,6,991011,7040,18,2168,12
5502,8,1256936,7670,20,2168,12
4868,6,539107,7036,18,2168,12
4876,6,529982,7044,18,2168,12
4872,6,1008496,7040,18,2168,12
4852,6,545305,7020,18,2168,12
5836,14,1497822,8246,32,2410,18
6164,20,4055615,8710,40,2546,20
4876,6,536950,6950,18,2074,12
5924,16,968448,8198,32,2274,16
4872,6,568080,7040,18,2168,12
4856,6,632117,7024,18,2168,12
4868,6,569820,7036,18,2168,12
4852,6,1662273,7020,18,2168,12
4868,6,1094737,7036,18,2168,12
5940,16,1417442,8350,34,2410,18
4868,6,565940,7036,18,2168,12
4856,6,582390,7024,18,2168,12
4868,6,915256,7036,18,2168,12
56,1,37777,112,2,56,1
6148,20,1286659,8694,40,2546,20
5932,16,1530998,8206,32,2274,16
4868,6,1375460,7036,18,2168,12
4868,6,543996,7036,18,2168,12
6056,18,1533723,8466,36,2410,18
5832,14,1397592,8242,32,2410,18
4868,6,793534,7036,18,2168,12
4856,6,813093,7024,18,2168,12
4876,6,542526,6950,18,2074,12
25892,248,3630080262919,68104,736,42212,488
4852,6,1146507,7020,18,2168,12
4868,6,545993,7036,18,2168,12
6052,18,1575271,8462,36,2410,18
26102,250,3660062265680,68660,742,42558,492
29400,280,4170555851406,77840,840,48440,560
4876,6,573064,6950,18,2074,12
5816,14,1957119,8226,32,2410,18
4868,6,878756,7036,18,2168,12
4868,6,848679,7036,18,2168,12
4872,6,981896,7040,18,2168,12
4860,6,536062,7028,18,2168,12
4872,6,1038591,7040,18,2168,12
4876,6,542477,7044,18,2168,12
4876,6,549507,7044,18,2168,12
4868,6,549520,7036,18,2168,12
4868,6,507257640,7036,18,2168,12
6152,10,1123314,8320,22,2168,12
1904,28,399551372364,3808,56,1904,28
4872,6,1280638,7040,18,2168,12
32550,310,4620096399998,86180,930,53630,620
4868,6,851781,7036,18,2168,12
4876,6,541531,6950,18,2074,12
4872,6,837453,7040,18,2168,12
27128,264,3690588686617,70032,760,42904,496
4868,6,562776,7036,18,2168,12
4860,6,1102743,7028,18,2168,12
4872,6,855835,7040,18,2168,12
4868,6,566715,7036,18,2168,12
4856,6,567235,7024,18,2168,12
5514,8,943888,7794,22,2280,14
56,1,509341057,168,3,112,2
4860,6,602301,6934,18,2074,12
5828,14,1407964,8238,32,2410,18
33256,328,4410555578196,83920,912,50664,584
4856,6,1030601,7024,18,2168,12
5948,16,1357879,8222,32,2274,16
4876,6,509777850,6950,18,2074,12
5940,16,1722975,8214,32,2274,16
4872,6,570857,7040,18,2168,12
4868,6,554874,7036,18,2168,12
4872,6,831715,7040,18,2168,12
92,1,31601,184,2,92,1
5940,16,2098021,8350,34,2410,18
6164,10,1171194,8468,24,2304,14
4856,6,999943,7024,18,2168,12
4860,6,532683,6934,18,2074,12
5932,16,1377458,8206,32,2274,16
5940,16,1518553,8214,32,2274,16
5940,16,2070392,8214,32,2274,16
31080,296,4410080058672,82288,888,51208,592
4860,6,534258,7028,18,2168,12
6172,20,1708046,8718,40,2546,20
4852,6,598427,7020,18,2168,12
6044,18,2077076,8454,36,2410,18
22742,218,3180096172894,59764,646,37022,428
4852,6,507331777,7020,18,2168,12
4624,68,1013351241855,9248,136,4624,68
5940,16,1659295,8214,32,2274,16
4868,6,573874,7036,18,2168,12
4868,6,541305,7036,18,2168,12
4876,6,524171,6950,18,2074,12
5828,14,1508923,8238,32,2410,18
4868,6,510239058,7036,18,2168,12
4852,6,552383,7020,18,2168,12
6168,20,1577194,8714,40,2546,20
4856,6,550896,7024,18,2168,12
23372,224,3270112173680,61432,664,38060,440
4852,6,530341,7020,18,2168,12
4868,6,530784,7036,18,2168,12
4856,6,1154621,7024,18,2168,12
6052,18,1505809,8462,36,2410,18
4876,6,555608,7044,18,2168,12
680,10,122850590360,1360,20,680,10
36874,354,5160096493197,96732,1046,59858,692
4876,6,543964,7044,18,2168,12
6156,20,4853647,8702,40,2546,20
5828,14,1477192,8238,32,2410,18
28197515,19160,4470560038266,156981733,36959,128784218,17799
4868,6,544451,7036,18,2168,12
4860,6,865612,7028,18,2168,12
4852,6,546985,7020,18,2168,12
4860,6,867918,6934,18,2074,12
4852,6,538550,7020,18,2168,12
4876,6,562729,7044,18,2168,12
4872,6,571705,7040,18,2168,12
4852,6,544343,7020,18,2168,12
92,1,29751,184,2,92,1
4860,6,540036,6934,18,2074,12
5928,16,1444390,8338,34,2410,18
5506,8,1355134,7786,22,2280,14
4872,6,1032092,7040,18,2168,12
4856,6,904822,7024,18,2168,12
6156,20,1749415,8702,40,2546,20
4876,6,589192,6950,18,2074,12
5522,8,895106,7708,22,2186,14
1904,28,399551372364,3808,56,1904,28
6056,18,1592258,8466,36,2410,18
4624,68,1013440745879,9248,136,4624,68
6056,18,1490489,8466,36,2410,18
4860,6,555410,7028,18,2168,12
27720,264,3930081693287,73392,792,45672,528
5832,14,1386684,8242,32,2410,18
26040,248,3690080118557,68944,744,42904,496
4876,6,550960,6950,18,2074,12
4876,6,528257,6950,18,2074,12
5940,16,2142276,8214,32,2274,16
4868,6,554106,7036,18,2168,12
4868,6,531819,7036,18,2168,12
5832,14,1361638,8242,32,2410,18
4868,6,565918,7036,18,2168,12
5828,14,1470795,8238,32,2410,18
4860,6,552366,6934,18,2074,12
4868,6,996677,7036,18,2168,12
4872,6,999536,7040,18,2168,12
4872,6,507477504,7040,18,2168,12
30574,294,4260066229799,80052,866,49478,572
4856,6,587113,7024,18,2168,12
4868,6,530161,7036,18,2168,12
4868,6,846557,7036,18,2168,12
4872,6,880744,7040,18,2168,12
4872,6,549488,7040,18,2168,12
4868,6,812827,7036,18,2168,12
4856,6,581365,7024,18,2168,12
4856,6,546261,7024,18,2168,12
5932,16,1459419,8206,32,2274,16
4856,6,1132564,7024,18,2168,12
25472,244,3570079324159,66992,724,41520,480
5828,14,1312060,8102,30,2274,16
4852,6,989770,7020,18,2168,12
6060,18,1530670,8470,36,2410,18
4868,6,570715,7036,18,2168,12
4868,6,545237,7036,18,2168,12
4852,6,1126566,7020,18,2168,12
4860,6,789505,7028,18,2168,12
308298,2246,3060061848182,468648,4492,160350,2246
1621966,1708,3450069003828,8795490,5002,7173524,3294
5940,16,1399446,8214,32,2274,16
4852,6,565941,7020,18,2168,12
393498,2832,3859551061069,595620,5664,202122,2832
4860,6,548868,7028,18,2168,12
29820,284,4230080171390,78952,852,49132,568
4860,6,573176,6934,18,2074,12
952,14,184255858987,1904,28,952,14
4860,6,537398,6934,18,2074,12
4868,6,595309,7036,18,2168,12
4868,6,570715,7036,18,2168,12
4872,6,845941,7040,18,2168,12
4868,6,561792,7036,18,2168,12
5828,14,1380187,8238,32,2410,18
4876,6,728537,6950,18,2074,12
5828,14,1322674,8238,32,2410,18
4868,6,539682,7036,18,2168,12
4868,6,811676,7036,18,2168,12
3264,48,706910656838,6528,96,3264,48
5506,8,1290411,7786,22,2280,14
5836,14,1387378,8246,32,2410,18
4868,6,573613,7036,18,2168,12
4868,6,885261,7036,18,2168,12
4856,6,843479,7024,18,2168,12
4856,6,2163216,7024,18,2168,12
2548542,2680,5445184948642,13850664,7870,11302122,5190
4872,6,534548,7040,18,2168,12
4860,6,891197,7028,18,2168,12
4876,6,556399,7044,18,2168,12
4868,6,588463,7036,18,2168,12
4852,6,509590730,7020,18,2168,12
4860,6,735597,7028,18,2168,12
4868,6,541478,7036,18,2168,12
4868,6,508555015,7036,18,2168,12
4876,6,536357,6950,18,2074,12
5928,16,1364540,8202,32,2274,16
4860,6,549766,7028,18,2168,12
5924,16,963081,8198,32,2274,16
4868,6,578615,7036,18,2168,12
1530074,1616,3255199623689,8291794,4726,6761720,3110
28054,270,3900096537020,73380,794,45326,524
6168,20,1819852,8714,40,2546,20
6036,18,1095605,8446,36,2410,18
4868,6,592032,7036,18,2168,12
4868,6,984528,7036,18,2168,12
4852,6,564969,7020,18,2168,12
4856,6,1091757,7024,18,2168,12
5948,16,1645884,8222,32,2274,16
408,6,61823024278,816,12,408,6
4876,6,553545,7044,18,2168,12
4868,6,784492,7036,18,2168,12
4868,6,1166935,7036,18,2168,12
5820,14,1389375,8230,32,2410,18
4856,6,788892,7024,18,2168,12
31500,300,4470047443879,83400,900,51900,600
6148,10,1278366,8452,24,2304,14
6036,18,1107249,8446,36,2410,18
4872,6,1018861,7040,18,2168,12
4868,6,830582,7036,18,2168,12
4860,6,907678,7028,18,2168,12
4872,6,567525,7040,18,2168,12
4876,6,538379,7044,18,2168,12
6164,20,1807244,8710,40,2546,20
5940,16,1469150,8350,34,2410,18
4852,6,559349,7020,18,2168,12
4876,6,1226669,7044,18,2168,12
6052,18,1474466,8462,36,2410,18
5506,8,1184338,7674,20,2168,12
4860,6,535968,7028,18,2168,12
473438,3448,4701088781952,719112,6890,245674,3442
4868,6,852238,7036,18,2168,12
4852,6,538446,7020,18,2168,12
4876,6,553051,7044,18,2168,12
4872,6,552591,7040,18,2168,12
408,6,61315050111,816,12,408,6
4860,6,580050,6934,18,2074,12
26102,250,3660064226610,68660,742,42558,492
5836,14,1454369,8246,32,2410,18
4868,6,814684,7036,18,2168,12
34712,332,4890078024484,91456,988,56744,656
5518,8,511091144,7798,22,2280,14
4852,6,545662,7020,18,2168,12
4876,6,551275,6950,18,2074,12
4852,6,969412,7020,18,2168,12
4868,6,876699,7036,18,2168,12
5932,16,1779844,8206,32,2274,16
6164,10,1410529,8468,24,2304,14
4872,6,873524,7040,18,2168,12
4868,6,547069,7036,18,2168,12
4868,6,561630,7036,18,2168,12
6052,18,1488602,8462,36,2410,18
4856,6,796946,7024,18,2168,12
4868,6,552617,7036,18,2168,12
27004,260,3750047832825,70600,764,43596,504
6164,10,1357786,8468,24,2304,14
4860,6,542290,6934,18,2074,12
6164,20,1628997,8710,40,2546,20
4868,6,843613,7036,18,2168,12
25398,244,3540191961603,66436,718,41038,474
4852,6,533207,7020,18,2168,12
4852,6,2139888,7020,18,2168,12
4876,6,544034,7044,18,2168,12
327276,2356,3209982816851,495476,4712,168200,2356
6060,18,1626414,8470,36,2410,18
4852,6,553076,7020,18,2168,12
5928,16,1459543,8338,34,2410,18
5498,8,670350,7778,22,2280,14
4860,6,545581,6934,18,2074,12
4856,6,558385,7024,18,2168,12
4872,6,632447,7040,18,2168,12
209082,2930,3996127772047,618398,5864,409316,2934
4868,6,631796,7036,18,2168,12
4876,6,539586,7044,18,2168,12
5944,16,1356858,8218,32,2274,16
4872,6,587870,7040,18,2168,12
1904,28,399551372364,3808,56,1904,28
5816,14,1377230,8226,32,2410,18
4852,6,544917,7020,18,2168,12
4868,6,882906,7036,18,2168,12
6052,18,1635949,8462,36,2410,18
6160,10,1289382,8464,24,2304,14
4868,6,533570,7036,18,2168,12
4856,6,560828,7024,18,2168,12
4868,6,553394,7036,18,2168,12
34860,332,4950555484885,92296,996,57436,664
4868,6,1833092,7036,18,2168,12
32340,308,4590047728966,85624,924,53284,616
92,1,32869,184,2,92,1
5522,8,655369,7802,22,2280,14
4876,6,1075576,7044,18,2168,12
4856,6,884595,7024,18,2168,12
4856,6,554976,7024,18,2168,12
